4 0.482646762409 0.685586734694 0.154320987654 0.129913076342
5 0.582640463593 0.65871834845 0.0976316452507 0.0749952758881
6 0.695231796422 0.5255574452 0.251952632905 0.196050642479
3 0.469261778786 0.576636904762 0.201562106324 0.15058106576
2 0.35903250189 0.540615551776 0.133849836231 0.0974348072562
9 0.487370874276 0.507546768707 0.127551020408 0.0761763038549
8 0.440129755606 0.472706443689 0.0913328294281 0.0560988284203
7 0.494457042076 0.412178760393 0.102355757118 0.109835600907
1 0.346434870244 0.434323034769 0.220458553792 0.158848261527
0 0.335411942555 0.320353835979 0.270849080373 0.152943121693
