0 0.446428571429 0.66884280594 0.495231694828 0.352022529442
4 0.365823412698 0.788850486431 0.0844054019457 0.028801843318
4 0.335621479775 0.66884280594 0.0472030209933 0.0981396142686
7 0.488431259601 0.457095920806 0.180811571941 0.122674517836
9 0.692044290835 0.594438044035 0.0208013312852 0.0336021505376
9 0.689844150026 0.560302526028 0.0268017153098 0.0165343915344
9 0.659042178699 0.540834613415 0.010000640041 0.00640040962622
9 0.701644905274 0.530967315242 0.0408026113671 0.0218680662229
9 0.778049795187 0.45736260454 0.0640040962622 0.140275644308
9 0.720646121352 0.447761990101 0.0308019713262 0.0880056323605
9 0.714845750128 0.505365676737 0.00640040962622 0.00693377709507
2 0.719858416618 0.328442419492 0.122476974329 0.118802665099
2 0.709141681364 0.425403357502 0.0373554771703 0.0555228950291
2 0.69184180874 0.397029525116 0.0517465216539 0.0428669410151
2 0.65004654125 0.38355705794 0.0055114638448 0.0110229276896
2 0.683880805409 0.34640570906 0.0425607485793 0.0224541119603
2 0.650658926122 0.352121301195 0.00428669410151 0.00938990136521
6 0.428975602587 0.422545561434 0.0992063492063 0.0751192109217
6 0.261182147756 0.60707753609 0.26455026455 0.262100725064
1 0.162741279639 0.669949049579 0.030925436018 0.0302109870011
1 0.138552077209 0.627490365145 0.013778659612 0.0195963158926
1 0.139929943171 0.46173819322 0.210048010974 0.299660330525
5 0.23668675289 0.407235939643 0.0906329610033 0.150646678424
3 0.392232510288 0.391518061271 0.18249069175 0.0955320399765
3 0.279400597688 0.313949310863 0.0382740544778 0.0702201319485
