1 0.493326118326 0.140467171717 0.316859066859 0.180826118326
5 0.581409331409 0.212617243867 0.128667628668 0.0771103896104
6 0.572390572391 0.383973665224 0.0685425685426 0.0816197691198
6 0.410052910053 0.246437590188 0.22607022607 0.222312409812
4 0.36075036075 0.313852813853 0.0877825877826 0.0405844155844
4 0.261243386243 0.339781746032 0.0306637806638 0.0762085137085
0 0.369468494468 0.402913059163 0.298821548822 0.411706349206
7 0.546536796537 0.434704184704 0.107022607023 0.151515151515
9 0.441618566619 0.609442640693 0.0342712842713 0.0248015873016
9 0.472282347282 0.61056998557 0.0282587782588 0.0423881673882
9 0.560064935065 0.677534271284 0.117243867244 0.0527597402597
9 0.562770562771 0.655212842713 0.0625300625301 0.0135281385281
9 0.560666185666 0.63198953824 0.0739538239538 0.0211940836941
2 0.571789321789 0.622068903319 0.0565175565176 0.0248015873016
2 0.667388167388 0.628832972583 0.104617604618 0.105068542569
2 0.642736892737 0.602002164502 0.0204425204425 0.036075036075
2 0.604256854257 0.60808982684 0.0300625300625 0.0356240981241
3 0.666786916787 0.250045093795 0.0661375661376 0.0302128427128
3 0.600048100048 0.354211760462 0.0865800865801 0.160082972583
