0 0.620579574538 0.519180680596 0.220161268129 0.322745031425
4 0.591683408096 0.581464809467 0.134848776729 0.104750580375
6 0.583427360542 0.633132325463 0.209153204722 0.188267934998
6 0.418994413408 0.519888454787 0.0646723725129 0.0693618707887
7 0.423122437185 0.461850971066 0.103200594435 0.117490515826
0 0.471282714588 0.370548100334 0.0839364834741 0.17269690278
2 0.258001486089 0.345776003624 0.0729284200677 0.0778551610894
1 0.518754988029 0.719480776853 0.189889093761 0.103335031991
5 0.415554393593 0.75133061548 0.0330241902193 0.0566219353377
3 0.35088202108 0.700370873676 0.110080634064 0.0990883868411
3 0.401106310372 0.587127003001 0.0646723725129 0.118906064209
9 0.35088202108 0.330912745598 0.0440322536258 0.0283109676689
9 0.346753997303 0.301186229545 0.0440322536258 0.0339731612026
