6 0.468086947531 0.270885612714 0.39674137807 0.372490589711
9 0.59000431546 0.494799044805 0.225213075844 0.0688064111385
3 0.718119538246 0.399178370502 0.287247815298 0.130529809366
4 0.835446110692 0.309628850123 0.144298198295 0.0951147448092
5 0.729582479232 0.313676286073 0.129463804078 0.0607115392399
0 0.463911964613 0.615716193791 0.356025461215 0.120411219492
1 0.597421512569 0.59345529607 0.388391412234 0.160885578986
8 0.575169921243 0.521107378476 0.133509547956 0.0586878212652
2 0.751834070558 0.487716031894 0.14699536088 0.0930910268345
7 0.397831481282 0.55753430202 0.240047470061 0.0910673088598
