9 0.57020686361 0.306575176367 0.0390395355673 0.024112654321
9 0.536678791887 0.30399167769 0.032609494415 0.0368579144621
9 0.448954659024 0.236648478836 0.123548647854 0.0564925044092
9 0.448036081717 0.258005401235 0.0693525867137 0.0130897266314
9 0.448265726044 0.284357087743 0.0835905349794 0.0272128527337
2 0.337577160494 0.287973985891 0.108392122281 0.108162477954
2 0.359163727219 0.314325672399 0.0211272780717 0.0361689814815
2 0.40164792769 0.309330908289 0.0298537624927 0.0358245149912
2 0.414508009994 0.297619047619 0.032609494415 0.0303130511464
7 0.460896164021 0.486903384039 0.111607142857 0.154665454145
6 0.435635288066 0.54012345679 0.0693525867137 0.0806051587302
6 0.597075249853 0.669470623898 0.223214285714 0.211157958554
4 0.646678424456 0.606777722663 0.0863462669018 0.0389247134039
4 0.747721928277 0.578531470459 0.0330687830688 0.0775049603175
5 0.433338844797 0.702539406966 0.125385802469 0.0726824294533
1 0.51669973545 0.774188436949 0.315072016461 0.163621582892
3 0.409455834803 0.56923087522 0.087724132863 0.155354387125
3 0.347451866549 0.668092757937 0.0583296590241 0.0299685846561
0 0.63910016167 0.511532738095 0.305426954733 0.409915123457
