1 0.364103048627 0.171839569161 0.0102355757118 0.0106292517007
1 0.54794973545 0.164458144369 0.330687830688 0.235615079365
5 0.611725245654 0.2663218065 0.163769211388 0.103930461073
6 0.594403502142 0.480973639456 0.0897581254724 0.111607142857
6 0.391266691862 0.299390589569 0.281872008062 0.279903628118
7 0.55503590325 0.550654289494 0.148022171832 0.20845143613
4 0.320798689846 0.3835388322 0.111016628874 0.0513747165533
4 0.184586797682 0.416607615268 0.0307067271353 0.0820814436886
0 0.310563114135 0.517585506425 0.399187452759 0.563940854119
3 0.633377425044 0.444361772487 0.112591332829 0.210813492063
3 0.71447467876 0.315039210128 0.0637755102041 0.0301162131519
9 0.392447719829 0.792174508692 0.0244079113127 0.0194869614512
9 0.429059586798 0.790698223734 0.0188964474679 0.0389739229025
9 0.460159989922 0.802508503401 0.0133849836231 0.041335978836
9 0.504645376669 0.807823129252 0.0110229276896 0.0212585034014
9 0.560153691106 0.900829081633 0.159832451499 0.0631849962207
9 0.56605883094 0.83026266062 0.122826908541 0.0460600907029
9 0.577475434618 0.878980064248 0.0574766943815 0.00885770975057
2 0.712112622827 0.826129062736 0.145660115898 0.146447467876
2 0.690460443437 0.785678854875 0.0204711514235 0.0431075207861
2 0.624716553288 0.801032218443 0.0511778785588 0.0643660241875
2 0.588104686319 0.810775699169 0.0488158226253 0.031887755102
