6 0.217757936508 0.737433862434 0.430555555556 0.48544973545
3 0.374503968254 0.373015873016 0.178571428571 0.320105820106
9 0.477678571429 0.491402116402 0.0793650793651 0.247354497354
8 0.546626984127 0.470238095238 0.0724206349206 0.12037037037
7 0.585317460317 0.622354497354 0.147817460317 0.242063492063
2 0.493551587302 0.277777777778 0.14880952381 0.208994708995
1 0.641865079365 0.380291005291 0.169642857143 0.384920634921
4 0.225694444444 0.261243386243 0.190476190476 0.260582010582
5 0.215277777778 0.44246031746 0.124007936508 0.149470899471
0 0.798611111111 0.471560846561 0.24503968254 0.562169312169
