6 0.399421631001 0.232836338419 0.401002506266 0.38430420712
4 0.822672064777 0.287216828479 0.205128205128 0.161812297735
3 0.713360323887 0.37216828479 0.334682860999 0.15574433657
0 0.593252361673 0.584041262136 0.380566801619 0.140574433657
7 0.375978407557 0.558252427184 0.286099865047 0.109223300971
8 0.579082321188 0.513248381877 0.133603238866 0.0718042071197
1 0.655330634278 0.568365695793 0.464237516869 0.175970873786
2 0.803778677463 0.485436893204 0.232118758435 0.143608414239
9 0.56963562753 0.478863268608 0.273954116059 0.0718042071197
5 0.665452091768 0.284688511327 0.141700404858 0.0515776699029
