6 0.716931216931 0.47088569224 0.191064079953 0.163277116402
4 0.56746031746 0.585069444444 0.100529100529 0.078869047619
5 0.634920634921 0.579117063492 0.0727513227513 0.0560515873016
3 0.555886243386 0.509920634921 0.140873015873 0.10119047619
9 0.559523809524 0.465029761905 0.0952380952381 0.0500992063492
2 0.472222222222 0.487599206349 0.0846560846561 0.0734126984127
1 0.458994708995 0.407490079365 0.148148148148 0.112599206349
8 0.522817460317 0.438988095238 0.0681216931217 0.0446428571429
7 0.560515873016 0.397073412698 0.0734126984127 0.0877976190476
0 0.450727513228 0.32564484127 0.183201058201 0.110615079365
