4 0.484138587209 0.548028056252 0.101526965562 0.072664299638
5 0.562169312169 0.550856307435 0.0719391070268 0.0496031746032
6 0.652383272997 0.449039264829 0.173466072589 0.160122528544
3 0.485298895387 0.478192007797 0.15142021721 0.098336118073
9 0.500092824654 0.433592662211 0.103267427829 0.0474275967697
2 0.406688016337 0.448821707045 0.0905040378725 0.0752749930382
8 0.469054580897 0.405310150376 0.0690383365822 0.0430764411028
1 0.404367399981 0.368760442774 0.167084377611 0.10660331384
7 0.511985983477 0.371371136174 0.0818017265386 0.0891986911724
0 0.408215755438 0.285769400353 0.200617283951 0.107473544974
