6 0.189236111111 0.743882275132 0.378472222222 0.508928571429
5 0.109126984127 0.421957671958 0.16369047619 0.18253968254
4 0.120287698413 0.188492063492 0.240575396825 0.339947089947
3 0.303571428571 0.340608465608 0.235119047619 0.421957671958
9 0.4375 0.491402116402 0.102182539683 0.310846560847
2 0.465773809524 0.231481481481 0.186507936508 0.261904761905
1 0.644345238095 0.365079365079 0.204365079365 0.489417989418
8 0.525793650794 0.474867724868 0.094246031746 0.145502645503
7 0.565476190476 0.669312169312 0.177579365079 0.296296296296
0 0.837797619048 0.487433862434 0.323412698413 0.710317460317
