1 0.363481040564 0.234788359788 0.0358245149912 0.0330687830688
1 0.533234126984 0.21412037037 0.286044973545 0.177744708995
5 0.597167107584 0.291418650794 0.133928571429 0.0785383597884
3 0.682594797178 0.330481150794 0.0622795414462 0.0293485449735
3 0.615906084656 0.433201058201 0.0920414462081 0.167824074074
6 0.585868606702 0.463376322751 0.0705467372134 0.0859788359788
6 0.419422398589 0.322627314815 0.233686067019 0.225281084656
4 0.365134479718 0.388351521164 0.0920414462081 0.0409226190476
4 0.255456349206 0.413773148148 0.0314153439153 0.0760582010582
0 0.364032186949 0.489211309524 0.322420634921 0.44105489418
7 0.556933421517 0.517733134921 0.115189594356 0.164930555556
9 0.432374338624 0.709738756614 0.0369268077601 0.0281084656085
9 0.467647707231 0.713045634921 0.0325176366843 0.0496031746032
9 0.561342592593 0.792410714286 0.130621693122 0.062003968254
9 0.570160934744 0.766575727513 0.0777116402116 0.0144675925926
9 0.56712962963 0.738260582011 0.0936948853616 0.0314153439153
2 0.682043650794 0.736193783069 0.118496472663 0.119047619048
2 0.65944664903 0.706431878307 0.0248015873016 0.0438161375661
2 0.615906084656 0.712425595238 0.0314153439153 0.0425760582011
2 0.586970899471 0.729580026455 0.0529100529101 0.0305886243386
