9 0.425760582011 0.705811838624 0.0358245149912 0.0252149470899
9 0.462411816578 0.710152116402 0.0363756613757 0.0421626984127
9 0.554453262787 0.781456679894 0.12676366843 0.0566302910053
9 0.562444885362 0.75603505291 0.0722001763668 0.0157076719577
9 0.557484567901 0.730200066138 0.0854276895944 0.0293485449735
9 0.507605820106 0.715319113757 0.00661375661376 0.0111607142857
2 0.669918430335 0.723999669312 0.11078042328 0.116980820106
2 0.647321428571 0.695064484127 0.0203924162257 0.0409226190476
2 0.602127425044 0.701884920635 0.0325176366843 0.0405092592593
2 0.570160934744 0.720692791005 0.0710978835979 0.0318287037037
2 0.612323633157 0.670676256614 0.00881834215168 0.00454695767196
7 0.540399029982 0.517526455026 0.114087301587 0.159556878307
0 0.351631393298 0.492931547619 0.31746031746 0.429480820106
6 0.565476190476 0.463583002646 0.0705467372134 0.083912037037
6 0.39737654321 0.327380952381 0.23258377425 0.219080687831
4 0.347222222222 0.392898478836 0.0925925925926 0.0417493386243
4 0.239748677249 0.419560185185 0.0297619047619 0.0760582010582
3 0.592482363316 0.432787698413 0.0914902998236 0.16121031746
3 0.655864197531 0.331101190476 0.0639329805996 0.0305886243386
5 0.568507495591 0.293898809524 0.130621693122 0.0768849206349
1 0.503472222222 0.221147486772 0.279431216931 0.171130952381
1 0.33950617284 0.24078207672 0.0374779541446 0.0384424603175
