6 0.45025728988 0.312540192926 0.392795883362 0.390996784566
5 0.710120068611 0.357556270096 0.140651801029 0.0591639871383
4 0.85077186964 0.373633440514 0.161234991424 0.142765273312
3 0.714344366994 0.448874598071 0.303729790884 0.136334405145
9 0.57160322616 0.551412738592 0.242691872559 0.0766231100773
2 0.75499069377 0.554491345693 0.178825590307 0.12656495861
1 0.598974489982 0.640350277075 0.410568957337 0.151877950332
0 0.475803802781 0.662926729151 0.37772344075 0.128617363344
7 0.370880624795 0.603064924403 0.257289879931 0.0868851337484
8 0.563848034743 0.573989190668 0.128644939966 0.0602038722036
