6 0.637203955656 0.738732993197 0.365331317712 0.336592970522
5 0.414383345931 0.742866591081 0.127551020408 0.0992063492063
4 0.263211766188 0.729875283447 0.215734441925 0.15589569161
3 0.353757243638 0.606457860922 0.267699672462 0.145266439909
2 0.277384101789 0.506070483749 0.174792139078 0.126369992441
9 0.452176240867 0.5255574452 0.20313681028 0.0637755102041
8 0.439578609221 0.462962962963 0.0992063492063 0.0708616780045
7 0.567916981607 0.430484693878 0.204711514235 0.124007936508
1 0.367929579239 0.376157407407 0.324389014865 0.140542328042
0 0.448239480978 0.261597694633 0.491307634165 0.185421390779
