0 0.501753647587 0.285594035594 0.469977553311 0.177368927369
1 0.410563973064 0.404341029341 0.317660734327 0.141293891294
7 0.612483966651 0.456198893699 0.202421035754 0.118746993747
6 0.683631954465 0.763964045214 0.386804553471 0.352483164983
4 0.295324274491 0.748181216931 0.215448132115 0.161586099086
5 0.448142135642 0.765842953343 0.128266794933 0.108225108225
3 0.394530623697 0.632064694565 0.271564854898 0.150312650313
2 0.318372214206 0.528724747475 0.173360590027 0.125511063011
8 0.480709876543 0.487764550265 0.105218855219 0.0661375661376
9 0.499749478916 0.547138047138 0.213443963444 0.0721500721501
