0 0.480630760369 0.633640552995 0.435627880184 0.318953746373
4 0.381624423963 0.637374125277 0.043202764977 0.0874722648916
4 0.40762608807 0.745647721454 0.0784050179211 0.0298685782557
7 0.513632872504 0.444828469022 0.160810291859 0.10667349377
6 0.460229454685 0.417360044376 0.0844054019457 0.0656041986687
6 0.317220302099 0.584037378392 0.226414490527 0.234681686295
5 0.291218637993 0.413893155829 0.075204813108 0.131208397337
3 0.407026049667 0.36455666496 0.198012672811 0.140275644308
1 0.228014592934 0.638174176481 0.0384024577573 0.0421360300393
1 0.210813492063 0.473096944871 0.173611111111 0.283751493429
9 0.698444700461 0.563236047107 0.0224014336918 0.0352022529442
9 0.698444700461 0.529900580304 0.0328020993344 0.025068271036
9 0.77144937276 0.440028161802 0.062003968254 0.126941457587
9 0.72024609575 0.433094384707 0.0276017665131 0.0821385902031
9 0.717045890937 0.484831029186 0.00680043522785 0.00533367468851
2 0.708445340502 0.410692951016 0.0360023041475 0.0544034818228
2 0.692444316436 0.388824884793 0.0448028673835 0.0384024577573
2 0.718245967742 0.326420890937 0.114007296467 0.102406554019
2 0.684243791603 0.342421915003 0.0380024321557 0.0202679638164
