4 0.261591478697 0.742885860485 0.228000556948 0.174916457811
5 0.437378167641 0.757897347536 0.137496519075 0.116175856307
6 0.708020050125 0.763771407686 0.452520189362 0.396825396825
3 0.364278752437 0.603866436926 0.304580896686 0.173611111111
2 0.279866332498 0.488995927318 0.194931773879 0.134450710109
9 0.481759955444 0.51118682122 0.240183792815 0.0744047619048
8 0.46522556391 0.444614139515 0.120091896408 0.0770154553049
7 0.614035087719 0.410675125313 0.212336396547 0.139672096909
1 0.382553606238 0.350629177109 0.372458925091 0.16316833751
0 0.474798106377 0.20247232665 0.546505151768 0.232351712615
