0 0.453912559176 0.184850146199 0.637009189641 0.278038847118
1 0.350355054302 0.36368264411 0.429894179894 0.181443191312
7 0.614905318853 0.425686612364 0.262809802283 0.15664160401
8 0.446950710109 0.468110380117 0.125313283208 0.0822368421053
9 0.46522556391 0.543167815372 0.269771651351 0.0809314954052
2 0.234614313562 0.52097692147 0.226260094681 0.16186299081
3 0.333820662768 0.659343671679 0.36201615149 0.201023391813
4 0.210247841827 0.817290622389 0.274993038151 0.195802005013
5 0.406049846839 0.82577537594 0.158382066277 0.139672096909
6 0.731142091339 0.795608813701 0.53705444166 0.408286340852
