5 0.779254373201 0.561741813337 0.113169722249 0.0718743426127
1 0.807792824899 0.47758709524 0.146206846136 0.166461892117
6 0.727379059524 0.4141730411 0.201034413436 0.110974594745
6 0.56381015041 0.493440608775 0.0932068644114 0.059450675756
7 0.51446533984 0.465696960089 0.155344774019 0.103047837977
4 0.656103222033 0.384447703222 0.0950344499881 0.0792675676747
0 0.659758393187 0.325987872062 0.244896467277 0.11691966232
0 0.448672259079 0.351749831556 0.19920682786 0.136736554239
3 0.606758411463 0.53109270342 0.120620648062 0.0634140541397
9 0.247637845642 0.524156791249 0.0676206663377 0.0852126352503
