0 0.65546392362 0.508691086347 0.240903313529 0.278992492281
0 0.456681741598 0.406811805458 0.106411279596 0.181815332048
4 0.619254529869 0.577655522641 0.156661050516 0.0783686776069
6 0.63107800538 0.631729910189 0.206910821436 0.133226751932
6 0.451508971062 0.569034968104 0.0665070497473 0.0548580743249
3 0.443380331648 0.627811476309 0.0650291153084 0.090907666024
3 0.452986905501 0.737527624959 0.0399042298484 0.100311907337
5 0.523927758565 0.776711963762 0.042860098726 0.0407517123556
1 0.612603824894 0.729690757198 0.172918329343 0.115985642858
2 0.257160592356 0.448347204589 0.0650291153084 0.0705318098462
7 0.435251692235 0.509474773123 0.11380095179 0.0987445337847
9 0.263811297331 0.391921756712 0.0133014099495 0.0360495916992
9 0.311844166593 0.388003322832 0.0354704265319 0.0407517123556
