1 0.594996619337 0.701727722417 0.189317106153 0.117571152054
5 0.502591841334 0.744024661266 0.0435729847495 0.0759911104739
6 0.616031853354 0.604946591153 0.216362407032 0.133342891964
6 0.428217263917 0.531823069754 0.0751258357749 0.0559179869525
7 0.417699646909 0.481640260951 0.117196303809 0.101799412144
4 0.610021786492 0.551179296007 0.156261738412 0.0745573159366
0 0.641574637518 0.4873754391 0.24040267448 0.26525198939
0 0.440988655999 0.387009821493 0.0946585530764 0.167753960857
3 0.42070468034 0.607814180228 0.0781308692059 0.104667001219
3 0.4071820299 0.727536024088 0.0721208023439 0.111835973905
2 0.215611148674 0.412101225894 0.0826384193524 0.0888952613091
9 0.248666516415 0.350448060793 0.0375629178875 0.0458814251918
9 0.305010893246 0.371238081583 0.036060401172 0.0272420962076
9 0.295244534595 0.35188185533 0.0405679513185 0.0172055344469
