9 0.201048951049 0.549410329402 0.0582750582751 0.0625645196609
7 0.445075757576 0.499358713673 0.144230769231 0.0938467794914
6 0.485868298368 0.518910126068 0.0888694638695 0.0516157287202
6 0.624271561772 0.442268589483 0.167540792541 0.0891544405168
4 0.560897435897 0.415678668627 0.0757575757576 0.0516157287202
0 0.560897435897 0.371883504864 0.201048951049 0.0922826664998
0 0.383886946387 0.39847342572 0.196678321678 0.120436700347
5 0.687645687646 0.563487346326 0.101981351981 0.0344104858135
1 0.702214452214 0.497794600682 0.136946386946 0.137641943254
3 0.512092074592 0.547064159915 0.0801282051282 0.035974598805
