6 0.337338407006 0.280309544282 0.398717681401 0.407566638005
5 0.581422018349 0.302665520206 0.137614678899 0.0859845227859
4 0.741972477064 0.295786758383 0.192660550459 0.147893379192
3 0.65252293578 0.40154772141 0.316513761468 0.161650902837
9 0.52752293578 0.509028374893 0.272935779817 0.0825451418745
8 0.55504587156 0.568787618229 0.133027522936 0.0868443680138
2 0.758600917431 0.505159071367 0.216743119266 0.140154772141
7 0.375 0.609630266552 0.272935779817 0.142734307825
1 0.654243119266 0.654342218401 0.441513761468 0.230438521066
0 0.543004587156 0.751504729149 0.586009174312 0.182287188306
