0 0.52295312712 0.230845543346 0.262854429521 0.170431420431
1 0.467414529915 0.312881562882 0.224698141365 0.0890313390313
2 0.414419685253 0.396825396825 0.1221001221 0.0852157102157
3 0.487340591507 0.4477004477 0.198412698413 0.0877594627595
4 0.436041581875 0.519243487993 0.124643874644 0.0769485144485
5 0.53694376611 0.539911477411 0.0839438339438 0.0254375254375
6 0.700591846425 0.462009055759 0.265398182065 0.16597985348
9 0.543727106227 0.406364468864 0.141602224936 0.0623219373219
8 0.521681250848 0.365982397232 0.075464658798 0.0362484737485
7 0.590786528287 0.357715201465 0.105141771808 0.107473544974
