0 0.422530353201 0.497480013903 0.267889992642 0.193343760862
0 0.470244665195 0.318799965242 0.0597866077999 0.042361835245
6 0.554175864606 0.322601668405 0.126471670346 0.110792492179
6 0.604189661516 0.466523288147 0.0655353200883 0.0944994786236
7 0.554175864606 0.500195516163 0.1195732156 0.155326729232
3 0.655928072112 0.5110575252 0.0770327446652 0.133602711157
5 0.684096762325 0.438282064651 0.0459896983076 0.0184654153632
5 0.710540838852 0.373653110879 0.103476821192 0.0434480361488
1 0.688120860927 0.30359315259 0.173611111111 0.153154327424
9 0.39321192053 0.669642857143 0.0390912435614 0.0380170316302
2 0.594991721854 0.732642509559 0.0701342899191 0.0249826207855
