0 0.662281290554 0.501609301609 0.25059292075 0.2849002849
0 0.460911979237 0.400739200739 0.0954639698095 0.17248017248
4 0.628719738667 0.573989373989 0.156620575469 0.0785400785401
6 0.448233170746 0.554739354739 0.0790560999985 0.0616000616001
6 0.638415298101 0.628659428659 0.214793932071 0.12628012628
7 0.437791799048 0.499299299299 0.108888590564 0.10164010164
1 0.610074432064 0.72721952722 0.178994943393 0.12628012628
5 0.520576960368 0.77033957034 0.0357989886786 0.0708400708401
3 0.43630017452 0.75108955109 0.0701063528289 0.10934010934
3 0.441520860369 0.628659428659 0.0775644754702 0.10164010164
2 0.243134798109 0.440779240779 0.0805477245268 0.0862400862401
9 0.275950537731 0.376099176099 0.0298324905655 0.04004004004
9 0.318461836786 0.372249172249 0.0372906132068 0.02002002002
