9 0.582341269841 0.199652777778 0.0291005291005 0.0124007936508
9 0.541335978836 0.202380952381 0.0291005291005 0.0446428571429
9 0.47585978836 0.185515873016 0.0238095238095 0.0416666666667
9 0.409722222222 0.17435515873 0.12037037037 0.0481150793651
9 0.410714285714 0.123511904762 0.0562169312169 0.00595238095238
9 0.413029100529 0.104662698413 0.164021164021 0.0565476190476
2 0.26421957672 0.186755952381 0.134920634921 0.141369047619
2 0.355158730159 0.209325396825 0.0416666666667 0.0545634920635
2 0.317791005291 0.208829365079 0.0145502645503 0.0625
2 0.284722222222 0.228174603175 0.010582010582 0.0297619047619
2 0.323743386243 0.267609126984 0.015873015873 0.0213293650794
7 0.438822751323 0.452628968254 0.157407407407 0.21378968254
6 0.406084656085 0.525545634921 0.0972222222222 0.109623015873
6 0.635251322751 0.702628968254 0.30291005291 0.288194444444
5 0.415013227513 0.745783730159 0.167989417989 0.107638888889
1 0.486441798942 0.849206349206 0.347883597884 0.25
1 0.720899470899 0.808035714286 0.0205026455026 0.0267857142857
4 0.698412698413 0.609871031746 0.114417989418 0.046130952381
4 0.836970899471 0.57068452381 0.0330687830688 0.0947420634921
0 0.683531746032 0.474454365079 0.427248677249 0.571924603175
3 0.309193121693 0.695932539683 0.0674603174603 0.0376984126984
3 0.371362433862 0.570932539683 0.123015873016 0.208333333333
