0 0.692228535636 0.407494655428 0.279629546776 0.178379335231
0 0.462932307279 0.390473726494 0.152118473446 0.163400917768
9 0.248176815355 0.494641811572 0.0492148002327 0.0667220414221
9 0.306339761085 0.498726834516 0.0335555456132 0.0367652064979
7 0.490895261957 0.517790274922 0.134222182453 0.0721687386811
6 0.525010066664 0.563406364466 0.0861259004071 0.0326801835537
6 0.716835935752 0.555236318577 0.205807346427 0.0408502294421
1 0.739765558588 0.645787660507 0.130866627891 0.153869197565
3 0.551295244061 0.625362545786 0.0917184913427 0.0912321790874
4 0.678806317391 0.493280137257 0.165540691692 0.0857854818285
