6 0.493316988295 0.269942466179 0.238584836022 0.377079769865
3 0.657426447327 0.473384128959 0.266265949594 0.177525527393
4 0.792536644522 0.441636863111 0.164768533165 0.150313585238
2 0.667971633449 0.602316902503 0.171359274491 0.158088425854
0 0.424114204366 0.650909656352 0.313719287145 0.102368734774
0 0.511771064009 0.659332400352 0.333491511125 0.171046493547
5 0.667971633449 0.381381848339 0.115997047348 0.0738609858498
8 0.498589581356 0.560203182501 0.0935885268375 0.0712693723112
9 0.513748286407 0.533639143731 0.213540018981 0.0621987249261
7 0.347002530845 0.551132535116 0.209585574185 0.0609029181568
