1 0.318012098456 0.417246175243 0.307676261994 0.197279515482
0 0.368074676679 0.260769837598 0.391113892365 0.231538787438
7 0.519709723537 0.436781658972 0.167109547503 0.171248242829
6 0.697131831456 0.636719636217 0.28994576554 0.334388778741
3 0.399363788068 0.659899979286 0.284730913642 0.193333925172
2 0.274728827701 0.579015377938 0.17313308302 0.16374199785
9 0.469242803504 0.562739817911 0.217980809345 0.0996261553182
8 0.42491656237 0.499610372957 0.114726741761 0.0700342279959
4 0.352430120985 0.79158405587 0.188777638715 0.123299697176
10 0.621516478932 0.463606861382 0.222152690864 0.203197900946
5 0.502287581699 0.809380312162 0.106209150327 0.0347705146036
