0 0.174141795884 0.453918300907 0.178773226625 0.616231299899
1 0.319568721169 0.570188357492 0.176920654329 0.409528977082
2 0.47333222179 0.680644911247 0.152837214472 0.219621217993
9 0.494636803201 0.462315582771 0.0861446117935 0.248042787381
8 0.418681339039 0.471358809395 0.09355490098 0.134356509831
7 0.381166750032 0.291140221688 0.157468645214 0.267421130145
3 0.601622853332 0.591504534532 0.179699512773 0.333307495543
5 0.780396079957 0.501718213058 0.131532633061 0.174405084877
4 0.750291780137 0.697439474976 0.201004094185 0.273880577733
6 0.752144352433 0.25238353616 0.414049908298 0.38369118673
