0 0.193883961567 0.50621358222 0.167220990392 0.573660599185
1 0.34586104952 0.638348888774 0.182926829268 0.412519981437
2 0.492294900222 0.756303820966 0.139504804139 0.210127365544
3 0.608702882483 0.657041200433 0.169068736142 0.336461609859
4 0.735735402809 0.761460320734 0.166297117517 0.215283865312
5 0.74682187731 0.593229515805 0.112712490761 0.136647243851
6 0.743126385809 0.314778528335 0.365853658537 0.448615479812
7 0.402679231338 0.382457587789 0.15428677014 0.261692363224
9 0.506152993348 0.528773268705 0.0766814486327 0.255246738514
8 0.432243163341 0.547465580364 0.0840724316334 0.140514618677
