1 0.727016588206 0.688756395279 0.147920310867 0.147712470961
6 0.697667320177 0.584686245283 0.199575022599 0.0631135103197
6 0.508658034069 0.571257838832 0.0915697162513 0.0335710161275
4 0.668905037508 0.524929836576 0.163181930243 0.080570438706
0 0.691797466571 0.448387919806 0.255925617215 0.212168821926
0 0.460525234501 0.398702815937 0.143224427983 0.177254965153
9 0.233361899954 0.453759282386 0.055176623895 0.0778847574158
9 0.286777567767 0.463830587224 0.0375670630774 0.0523707851589
3 0.527441565607 0.639742711732 0.0868738333666 0.0872846419315
7 0.474612883155 0.519558473996 0.136180603656 0.0698277135452
