7 0.481954625937 0.544599862417 0.177061441975 0.123704123873
0 0.514429680131 0.312880918186 0.447204249475 0.386801675135
4 0.619508199434 0.322234156821 0.0301997319257 0.0808602565805
4 0.594065959524 0.19068538119 0.0910128907349 0.0579297360576
6 0.537389750294 0.576883621574 0.0926676705664 0.0796533870793
6 0.68487200278 0.399172087522 0.208915953732 0.256459769005
5 0.693973291854 0.599814142097 0.0790157369562 0.144824340144
1 0.772575333852 0.53796208016 0.160099948702 0.304734549053
1 0.767404146878 0.346371546845 0.0430242756201 0.066377822566
3 0.566348397346 0.610977684983 0.153894524334 0.0947392558443
2 0.224222667174 0.664079943036 0.13900150585 0.144220905393
2 0.274900299515 0.64326144414 0.025235392431 0.0277579985276
2 0.244286872632 0.626063553748 0.0128245436945 0.0162927382662
2 0.257731958763 0.571452708819 0.0231669176416 0.048274780048
2 0.2662127054 0.606150206978 0.0111697638629 0.00784465175781
2 0.295998742367 0.649899226397 0.00786020419983 0.0144824340144
2 0.294343962536 0.622442945244 0.0111697638629 0.0066377822566
2 0.290620707915 0.604943337477 0.0103423739471 0.00905152125901
2 0.249664907084 0.539772384412 0.0086875941156 0.0138789992638
2 0.236219820953 0.582012816954 0.00413694957886 0.0114652602614
2 0.230634939021 0.562099470184 0.00786020419983 0.0162927382662
9 0.215948768016 0.465248192713 0.172097102481 0.266718159765
9 0.225256904569 0.529212276277 0.0235806125995 0.0772396480769
9 0.249458059605 0.424516347047 0.0256490873889 0.0247408247746
