9 0.227559437166 0.486772486772 0.170790878214 0.26455026455
9 0.240174672489 0.518187830688 0.0223192624939 0.0390211640212
9 0.247937894226 0.555555555556 0.0232896652111 0.0648148148148
2 0.247452692868 0.671296296296 0.140708393984 0.12962962963
2 0.260795730228 0.598875661376 0.00921882581271 0.0271164021164
2 0.286268801553 0.584656084656 0.0262008733624 0.0621693121693
2 0.301552644347 0.633267195767 0.00921882581271 0.00727513227513
2 0.309073265405 0.657407407407 0.0174672489083 0.00793650793651
7 0.509218825813 0.531746031746 0.178068898593 0.12037037037
6 0.56744298884 0.552579365079 0.0868510431829 0.0787037037037
6 0.702328966521 0.357804232804 0.202328966521 0.263227513228
5 0.718098010674 0.527777777778 0.083454633673 0.125661375661
1 0.798641436196 0.472552910053 0.163998059195 0.285052910053
1 0.776564774381 0.295304232804 0.0528869480835 0.0707671957672
4 0.631246967492 0.290674603175 0.0232896652111 0.0654761904762
4 0.593401261524 0.170965608466 0.098981077147 0.0588624338624
0 0.522076661815 0.319444444444 0.448326055313 0.392857142857
3 0.595827268316 0.579365079365 0.156234837458 0.100529100529
