0 0.214353747508 0.429959409832 0.215041093469 0.519296437085
1 0.342003711668 0.554307067844 0.146306497383 0.371110108885
2 0.477509058238 0.678010437472 0.142378806178 0.198440822112
3 0.600874268356 0.608167233836 0.152626509595 0.310160427807
4 0.73720085945 0.724842002917 0.192635400459 0.238210986874
5 0.782766540713 0.558094312105 0.122249388753 0.151677199806
6 0.753500777951 0.289256198347 0.358598207009 0.409333981526
7 0.414166110988 0.326689353427 0.140772023413 0.24501701507
8 0.442690968363 0.48954788527 0.0792768763429 0.117647058824
9 0.517522412388 0.470588235294 0.10446765948 0.266407389402
