4 0.623795667489 0.28278448611 0.0336013056507 0.0871169810509
4 0.583165517289 0.155412392122 0.125147720026 0.064684742544
9 0.247164461248 0.560927573062 0.0147448015123 0.0588310038119
9 0.227778231568 0.495679796696 0.148373098296 0.239644218551
9 0.241824196597 0.521982210928 0.0150283553875 0.0297331639136
2 0.256650615469 0.664867889208 0.133673546122 0.118001195699
2 0.32711770792 0.625998957685 0.0119281922825 0.028759523324
2 0.305659927238 0.629833560795 0.0247639644125 0.0186501151252
2 0.253020296078 0.589570228141 0.00894614421184 0.0242277196487
2 0.27052362171 0.552880048386 0.0123171550743 0.0327684265752
2 0.287249021759 0.584951274395 0.0377293908065 0.0547302443862
7 0.496466970234 0.533698811132 0.171004188909 0.109483509546
7 0.586229308097 0.43393828966 0.0188243313399 0.0255727905509
6 0.554723321959 0.55261202081 0.0842141138892 0.0695260243101
6 0.699967899561 0.342702031705 0.232827256047 0.288493043402
3 0.583058894397 0.578850769448 0.175759809458 0.101225629264
3 0.694221524731 0.615478464247 0.0311096844249 0.050346431397
5 0.72929422628 0.507726445728 0.0695509505297 0.142781413909
1 0.808752719621 0.41875444527 0.166644870072 0.376665894155
0 0.518362639845 0.31419902557 0.462087796681 0.401972301471
