0 0.703768663429 0.408176404314 0.286697247706 0.18107194592
0 0.471037956467 0.402140672783 0.147283684116 0.166317935512
7 0.501394135636 0.531573582274 0.131543443065 0.0710875046945
6 0.533436769203 0.580530071356 0.0831984169815 0.0241429261226
6 0.72231966181 0.55906969258 0.209120345386 0.0536509469392
1 0.742557114589 0.662347765438 0.128170534269 0.166317935512
3 0.557047130779 0.646923118193 0.107933081489 0.0952304308171
9 0.259669005217 0.512125114008 0.0415992084907 0.069746231021
9 0.311386940097 0.520843392886 0.0348533908976 0.03084929449
4 0.694212088505 0.498712377273 0.170894045692 0.0804764204088
