9 0.216201856559 0.477643292988 0.151967303649 0.252853633868
9 0.274373304572 0.337086941685 0.0120926888257 0.00922262494351
9 0.254763538909 0.434385634839 0.019936595091 0.0193675123814
9 0.231395234827 0.505630412528 0.0156878125306 0.0281290060777
9 0.233683040821 0.549668446633 0.0156878125306 0.0608693246272
9 0.241036702945 0.475656881462 0.0120926888257 0.0198286436285
7 0.483707553028 0.532837156111 0.16929764356 0.112977155558
7 0.575056378076 0.435307897334 0.0127463476811 0.0221342998644
0 0.51426610452 0.307113410619 0.466385593359 0.411329072481
6 0.539595385168 0.555432587223 0.0843219923522 0.0687085558292
6 0.689119848351 0.347231829123 0.23237572311 0.294201735698
4 0.618524691963 0.281751192024 0.0343170899108 0.0903817244464
4 0.582083210772 0.141106161636 0.121580547112 0.0719364745594
3 0.564761251103 0.58609781516 0.175834232114 0.0977598244012
3 0.67424910939 0.632210939878 0.0222244010851 0.0451908622232
5 0.711344249436 0.524075662415 0.0702683269602 0.152634442815
1 0.792561362225 0.432771675474 0.160800078439 0.395189478829
2 0.238095238095 0.656650895978 0.131712259372 0.124505436737
2 0.28908062882 0.624371708676 0.0218975716574 0.018445249887
2 0.309507468052 0.621604921193 0.011765859398 0.0276678748305
2 0.271758669151 0.575491796475 0.0362780664771 0.0590247996385
2 0.238585482237 0.576644624593 0.0104585416871 0.0308957935608
2 0.257705003759 0.54044582169 0.0127463476811 0.0295123998192
