6 0.263375081445 0.697420325963 0.361977846956 0.452870341534
5 0.251610801419 0.422324301879 0.103163686382 0.138845634797
4 0.253420690654 0.252984532337 0.16289003113 0.223191113879
3 0.382375298632 0.349008616215 0.171034532687 0.33997716184
2 0.496398320423 0.246496418561 0.138456526461 0.220595868369
9 0.482371678853 0.465794664175 0.0778252370955 0.256929305512
8 0.558387026714 0.448276756981 0.0886845725042 0.136250389287
7 0.593679866792 0.619562960656 0.146601028017 0.250441191737
1 0.64299934844 0.353550295858 0.185513646565 0.426917886432
0 0.795934988779 0.474229212083 0.171034532687 0.577442126025
