0 0.221725789955 0.518978498797 0.179433349482 0.542058009263
1 0.367963969783 0.649641646614 0.168667348513 0.41786333411
2 0.511510649369 0.768661543636 0.139958012596 0.223809154183
3 0.626347993038 0.660638050144 0.170461682008 0.349297523869
7 0.41955105776 0.391549587311 0.148032513323 0.256151517504
8 0.451400477293 0.561023571114 0.0807450072671 0.137131620482
9 0.521379483591 0.544205542187 0.0771563402774 0.248389350307
4 0.758680088281 0.773189474501 0.182124849725 0.24062718311
5 0.769894672624 0.594659628968 0.111248676679 0.15006856581
6 0.745671170444 0.299050428213 0.348100697996 0.482548060752
