0 0.234280045843 0.442427775619 0.207063265051 0.531156885607
1 0.361407259734 0.562909703329 0.145425828012 0.362741287732
2 0.501536120501 0.680152869543 0.140610403244 0.198212203653
3 0.619514027332 0.6024225936 0.153130507642 0.312216608369
8 0.459641925014 0.489713693484 0.0780098812516 0.123072936909
7 0.427378579064 0.323241352507 0.136758063429 0.246145873818
9 0.536688721312 0.465099106102 0.101123920141 0.257805415209
4 0.756272090761 0.718370255214 0.193580075698 0.238372846224
5 0.798166286248 0.541533877445 0.119422534262 0.151574038088
6 0.759642888099 0.27789869154 0.344784413433 0.419743490089
