9 0.140290440774 0.582986171026 0.0858175798225 0.158585385494
9 0.174678336234 0.602706633471 0.0170417889009 0.0402626108249
9 0.196589207679 0.58052111322 0.0304317658945 0.0862770231962
9 0.209674867013 0.419881512888 0.0322576718482 0.0476577842417
2 0.215152584874 0.711990862852 0.147898382247 0.122431204345
2 0.258365692444 0.67131740906 0.0492994607491 0.0180770905744
2 0.218500079123 0.602295790503 0.0328663071661 0.0608047592049
2 0.243149809497 0.633109013073 0.0505167313849 0.0238288921209
3 0.553249503962 0.554638006261 0.17893878346 0.119966146539
7 0.440043334835 0.504926007182 0.191111489818 0.148725154272
6 0.50760185512 0.524235626659 0.0949471095909 0.0887420810018
6 0.643631848669 0.297861151511 0.234324597388 0.286768391385
5 0.702365156845 0.484794701769 0.0925125683193 0.142973352725
1 0.765663229906 0.372223728646 0.18745967791 0.351681580266
4 0.563291986707 0.247327466496 0.0407785662986 0.105175799706
4 0.520078879137 0.131058906665 0.094338474273 0.0369758670841
0 0.44126060547 0.278551532033 0.484473713041 0.423989942564
