7 0.487053591584 0.517263017356 0.139961172062 0.0654205607477
6 0.518093367646 0.565327102804 0.0846539347149 0.0280373831776
6 0.712233057926 0.566662216288 0.204298162445 0.0387182910547
1 0.733114361822 0.666128170895 0.135446295544 0.157543391188
3 0.536152873719 0.636755674232 0.102713440787 0.101468624833
9 0.237606663958 0.480547396529 0.0406338886631 0.0694259012016
9 0.297993137388 0.489225634179 0.0327328547564 0.041388518024
0 0.695302270983 0.42046728972 0.276536186735 0.197596795728
0 0.46052869204 0.3917623498 0.147862205969 0.172229639519
4 0.67724276491 0.50391188251 0.174951465077 0.0787716955941
