9 0.154461583572 0.579426205452 0.0869173656708 0.1626042055
9 0.208915836763 0.571097697366 0.00942477459081 0.0586961522293
9 0.225932790885 0.569511314873 0.00680678164892 0.0460050922878
9 0.263893688543 0.414442426213 0.0575958447216 0.0388663710707
2 0.210224833234 0.733305307243 0.154461583572 0.167363352978
2 0.236928361241 0.600842369104 0.0130899647095 0.0166570161732
2 0.25813410407 0.663107881941 0.0261799294189 0.0237957373902
2 0.258919501953 0.62543129774 0.0141371618862 0.0134842511878
7 0.477521912601 0.559199828671 0.187448294639 0.149119954312
3 0.564439278272 0.647244057015 0.166504351104 0.10628762701
5 0.715497471019 0.659935116956 0.0947713444965 0.160224631761
1 0.775187710094 0.57783982296 0.179594315814 0.279996509959
6 0.532761563675 0.601238964727 0.104196119087 0.0935965670683
6 0.685914150775 0.427530081778 0.207345040998 0.24271652138
4 0.618369932875 0.355746273984 0.0356047040097 0.0864578458512
4 0.589048411925 0.235577800163 0.0544542531913 0.0237957373902
0 0.506058035668 0.337899470941 0.450818384594 0.347417765898
