6 0.689033168666 0.640143083238 0.320395201129 0.333260419213
3 0.379225389995 0.659578850322 0.304464766003 0.187330201355
2 0.254965034965 0.579644759168 0.178590640129 0.158887395914
9 0.456686390533 0.564442570053 0.227003765465 0.102982571426
10 0.621291016676 0.467835110191 0.227003765465 0.202041997273
7 0.497568585261 0.43399797958 0.155997848306 0.165752900676
8 0.407197417967 0.499710668014 0.125874125874 0.0755205523789
1 0.299074771382 0.419286183662 0.322754168908 0.203022783668
0 0.358246369016 0.262850753734 0.404518558365 0.241273453055
4 0.332963959118 0.790023440795 0.194728348575 0.122598299316
5 0.484375441073 0.807416652727 0.111503175723 0.0321679941326
