7 0.562932437932 0.558671652422 0.151777235111 0.220670533171
6 0.601936643603 0.486174704925 0.0890313390313 0.113832926333
6 0.38486975987 0.298254985755 0.302706552707 0.289987789988
4 0.308557183557 0.384742572243 0.107685524352 0.0483312983313
4 0.169074752408 0.420991045991 0.0339167005834 0.0864875864876
0 0.306437389771 0.528464590965 0.42904626238 0.592694342694
3 0.639245014245 0.44929029304 0.114468864469 0.213039275539
3 0.711318002985 0.322420634921 0.0635938135938 0.0368844118844
5 0.609143942477 0.268683862434 0.169583502917 0.108745421245
1 0.549365757699 0.158666564917 0.348494098494 0.244836182336
9 0.391653099986 0.816226597477 0.0313729480396 0.0197140822141
9 0.433625016958 0.815272690273 0.0288291954959 0.0483312983313
9 0.507817799484 0.838166463166 0.0296771130104 0.0432437932438
9 0.561236602903 0.924972018722 0.175518925519 0.071861009361
9 0.572259530593 0.853428978429 0.122948039615 0.0496031746032
2 0.721916971917 0.846433658934 0.145841812508 0.153897028897
2 0.70580653914 0.799692205942 0.0118708452042 0.0375203500204
2 0.671889838557 0.816544566545 0.0152625152625 0.0674094424094
2 0.632037715371 0.817180504681 0.0457875457875 0.0610500610501
2 0.670194003527 0.757084350834 0.0152625152625 0.0171703296703
