6 0.723312598313 0.463521557272 0.254719004719 0.219192406692
5 0.625446875447 0.605292792793 0.0965250965251 0.0670313170313
4 0.546796796797 0.607638888889 0.12155012155 0.0851297726298
3 0.518578643579 0.523651695527 0.174362674363 0.126262626263
2 0.412232443482 0.493495220058 0.108976671477 0.0817325036075
9 0.520081770082 0.471511994949 0.118746993747 0.0614402958153
8 0.476866883117 0.437973484848 0.0834235209235 0.0574945887446
1 0.392316017316 0.399361922799 0.189393939394 0.127953643579
7 0.524591149591 0.394007034632 0.0992063492063 0.102588383838
0 0.373902717653 0.30551046176 0.235239297739 0.135281385281
