0 0.368087049635 0.281675170068 0.218096497858 0.128732048375
1 0.380926943427 0.375839438339 0.180606430606 0.1221001221
2 0.397817460317 0.464533730159 0.10119047619 0.0818452380952
3 0.497685185185 0.493799603175 0.16335978836 0.116567460317
7 0.503306878307 0.37003968254 0.0886243386243 0.10119047619
10 0.58167989418 0.368799603175 0.140873015873 0.105654761905
6 0.693121693122 0.442708333333 0.23544973545 0.205853174603
5 0.593253968254 0.571676587302 0.0873015873016 0.0600198412698
4 0.517857142857 0.57316468254 0.111111111111 0.078869047619
9 0.5 0.443452380952 0.113756613757 0.0575396825397
8 0.458664021164 0.412946428571 0.0813492063492 0.0530753968254
