0 0.47384085213 0.673268820199 0.57522277917 0.412489557226
4 0.344393971039 0.678490206999 0.05264898357 0.110809430985
4 0.380073447508 0.814826417897 0.0918093845725 0.0295878585352
7 0.51800508215 0.42960410285 0.212771512114 0.138656827253
6 0.450127053745 0.390443701847 0.113565162907 0.0847024969832
6 0.257153299916 0.604810637705 0.303710665553 0.299939663975
5 0.229305903648 0.384062006869 0.10790866054 0.169404993966
1 0.120962127541 0.44004687645 0.241054023949 0.3509932238
3 0.385947507658 0.326336675021 0.250626566416 0.171145456233
9 0.754925508215 0.586535783904 0.0165343915344 0.0266870880906
9 0.752314814815 0.550856307435 0.0278473962684 0.0203053931124
9 0.766456070732 0.515466908011 0.0465573656363 0.023786317646
9 0.852608952938 0.431634642161 0.0657024505709 0.158962220366
9 0.7760286132 0.476886661097 0.0300229741019 0.0243664717349
9 0.78451336675 0.420321637427 0.0374199387357 0.10268727374
9 0.814536340852 0.414810173582 0.0174046226678 0.103267427829
2 0.78320802005 0.285725888796 0.137496519075 0.131694978186
2 0.775158382066 0.39450478047 0.0387252854358 0.0614963334262
2 0.753620161515 0.362306228534 0.0556947925369 0.046992481203
2 0.739696463381 0.296168662397 0.0365497076023 0.0191450849346
2 0.752749930382 0.327496983199 0.0565650236703 0.00986261951174
