1 0.523037918871 0.246569113757 0.288800705467 0.144262566138
5 0.598820546737 0.312293320106 0.118496472663 0.0624173280423
3 0.677634479718 0.345982142857 0.0655864197531 0.0281084656085
3 0.611221340388 0.436507936508 0.0738536155203 0.141369047619
7 0.560791446208 0.508845899471 0.095348324515 0.138888888889
6 0.587522045855 0.46234292328 0.0584215167549 0.072337962963
6 0.443397266314 0.338955026455 0.202270723104 0.195932539683
4 0.396825396825 0.393518518519 0.0782627865961 0.0396825396825
4 0.30147707231 0.414806547619 0.0308641975309 0.0739914021164
0 0.39489638448 0.479704034392 0.276124338624 0.378224206349
9 0.45276675485 0.671089616402 0.0347222222222 0.0252149470899
9 0.482804232804 0.675223214286 0.0297619047619 0.0376157407407
9 0.561342592593 0.740327380952 0.111882716049 0.0545634920635
9 0.567680776014 0.719246031746 0.0595238095238 0.0107473544974
9 0.565751763668 0.694444444444 0.0755070546737 0.0223214285714
2 0.665233686067 0.694444444444 0.102513227513 0.101686507937
2 0.644290123457 0.667989417989 0.0209435626102 0.0347222222222
2 0.608465608466 0.67294973545 0.026455026455 0.0338955026455
2 0.576223544974 0.687210648148 0.0567680776014 0.0243882275132
