1 0.677308802309 0.793425324675 0.0330687830688 0.036525974026
1 0.482503607504 0.828373015873 0.324074074074 0.211038961039
5 0.409752284752 0.73795995671 0.150913900914 0.0933441558442
6 0.60575998076 0.702786796537 0.261544011544 0.247564935065
6 0.41366041366 0.547213203463 0.0853775853776 0.0987554112554
7 0.443422318422 0.482278138528 0.132876382876 0.186237373737
4 0.666486291486 0.624549062049 0.0943963443963 0.0414862914863
4 0.786435786436 0.593434343434 0.03367003367 0.0901875901876
0 0.656866281866 0.508658008658 0.366161616162 0.492424242424
3 0.318362193362 0.69466991342 0.0619288119288 0.0338203463203
3 0.380291005291 0.58419011544 0.104016354016 0.184433621934
2 0.295514670515 0.244408369408 0.126863876864 0.12987012987
2 0.31715969216 0.275523088023 0.0198412698413 0.0387806637807
2 0.373376623377 0.26672979798 0.03848003848 0.0446428571429
9 0.425384800385 0.236516955267 0.106421356421 0.0410353535354
9 0.484908609909 0.251172438672 0.0162337662338 0.0315656565657
9 0.537818662819 0.263122294372 0.0306637806638 0.0419372294372
9 0.578102453102 0.264926046176 0.0378787878788 0.022095959596
9 0.429292929293 0.178796897547 0.1443001443 0.0626803751804
9 0.428691678692 0.201794733045 0.0841750841751 0.0139790764791
