1 0.729338190044 0.649290029026 0.144703358116 0.158860908449
5 0.680272108844 0.717933631443 0.0964689054106 0.0764885855495
6 0.691914907772 0.53946026516 0.189611296841 0.060798619283
6 0.518104552334 0.537499019377 0.0781730785224 0.0333411783165
7 0.486502669527 0.485526006119 0.128070788217 0.0745273397662
4 0.649501854532 0.478661645877 0.121417760258 0.0647211108496
0 0.671124195399 0.413940535028 0.221213179648 0.190240840982
0 0.466543585649 0.369812504903 0.138050330157 0.176512120499
9 0.269447632354 0.426688632619 0.0365916537764 0.0666823566329
9 0.30437602914 0.404134306111 0.0232855978577 0.0215737036165
3 0.523925951799 0.590452655527 0.0765098215325 0.0725660939829
