0 0.4461996337 0.249923687424 0.451516076516 0.186965811966
1 0.347629222629 0.3663003663 0.315425315425 0.125915750916
2 0.247150997151 0.482200091575 0.172975172975 0.113514957265
3 0.312652625153 0.580929487179 0.258190883191 0.133547008547
4 0.21281033781 0.689197954823 0.198412698413 0.145947802198
5 0.356532356532 0.709706959707 0.1221001221 0.0915750915751
6 0.577838827839 0.709706959707 0.343406593407 0.318605006105
9 0.418218355718 0.507001678877 0.204772079772 0.0658195970696
8 0.407407407407 0.446428571429 0.0992063492063 0.0705891330891
7 0.538410663411 0.423534798535 0.190781440781 0.110653235653
