6 0.713734567901 0.433391839642 0.213675213675 0.197776760277
0 0.426290530457 0.24737993488 0.237416904084 0.12845950346
1 0.417811355311 0.341816748067 0.200108533442 0.116376678877
8 0.493699972867 0.383152726903 0.0805521638855 0.051510989011
4 0.505146859314 0.543409137159 0.117012617013 0.0744047619048
3 0.508114570615 0.464870777371 0.183998100665 0.108109483109
5 0.596297992131 0.548814611315 0.0873355040022 0.0470594220594
9 0.529312508479 0.414631664632 0.122948039615 0.0534188034188
2 0.415691561525 0.431484025234 0.100902184236 0.092211029711
7 0.546270858771 0.350401912902 0.0975105141772 0.104293854294
