6 0.728035366193 0.7786393066 0.506474519632 0.442225355054
4 0.230263157895 0.782698934837 0.269771651351 0.194496658312
5 0.420843776107 0.797057748538 0.153160679476 0.129229323308
3 0.346874129769 0.628015350877 0.342871066555 0.180137844612
9 0.466966026177 0.527503654971 0.248886104149 0.0809314954052
2 0.25462962963 0.502702067669 0.224519632414 0.15403091061
8 0.458263714843 0.451793546366 0.120091896408 0.0835421888053
7 0.625348092453 0.414591165414 0.252367028683 0.15533625731
1 0.36775967697 0.344102443609 0.41597048176 0.176221804511
0 0.461744639376 0.183544799499 0.617864104706 0.272817460317
