0 0.617972883598 0.482485107485 0.227347883598 0.289756539757
0 0.427138447972 0.386978761979 0.082671957672 0.179681429681
4 0.590415564374 0.561803936804 0.150187389771 0.0793188293188
6 0.59799382716 0.614413364413 0.209435626102 0.1295001295
6 0.420938051146 0.552091427091 0.0592482363316 0.0501813001813
3 0.415426587302 0.61926961927 0.0647597001764 0.1036001036
3 0.404403659612 0.745532245532 0.0675154320988 0.113312613313
1 0.564236111111 0.717204092204 0.158454585538 0.114931364931
2 0.245260141093 0.446872571873 0.0716490299824 0.0825563325563
7 0.409915123457 0.493006993007 0.0950727513228 0.0971250971251
