0 0.424581741133 0.28552827381 0.260294189692 0.135788690476
1 0.407572751323 0.376984126984 0.221560846561 0.114087301587
2 0.395171957672 0.468439980159 0.117394179894 0.0923859126984
9 0.518353174603 0.452318948413 0.137235449735 0.0576636904762
3 0.485697751323 0.505022321429 0.207506613757 0.10974702381
4 0.467509920635 0.583767361111 0.129794973545 0.0750248015873
5 0.574156746032 0.589037698413 0.0785383597884 0.0359623015873
6 0.705191798942 0.474330357143 0.223214285714 0.217013888889
8 0.486111111111 0.418526785714 0.0843253968254 0.047123015873
7 0.54439484127 0.390625 0.0983796296296 0.105406746032
