6 0.200376157407 0.747602513228 0.399925595238 0.502921075838
5 0.158006779101 0.432760141093 0.143642526455 0.157076719577
4 0.170924272487 0.224702380952 0.217013888889 0.294863315697
3 0.334201388889 0.358355379189 0.208746693122 0.372023809524
2 0.478877314815 0.255704365079 0.167410714286 0.24112654321
9 0.454075727513 0.487874779541 0.0888723544974 0.261794532628
7 0.570849867725 0.650462962963 0.165343915344 0.270061728395
1 0.644221230159 0.375578703704 0.18394510582 0.431272045855
0 0.827132936508 0.487185846561 0.303819444444 0.640707671958
8 0.532614087302 0.47478505291 0.0888723544974 0.139164462081
