4 0.528580876795 0.67185728458 0.177154195011 0.128436791383
5 0.649636243386 0.660342261905 0.109835600907 0.0841482426304
6 0.773053665911 0.502675028345 0.250377928949 0.23650085034
3 0.522085222978 0.552278202948 0.230300453515 0.162096088435
9 0.548067838246 0.483630952381 0.161800831444 0.0761763038549
2 0.400439342404 0.516404478458 0.154714663643 0.113378684807
8 0.49787414966 0.444214143991 0.10156840514 0.0682043650794
7 0.55751606198 0.377781320862 0.121645880574 0.123122165533
1 0.393353174603 0.39593962585 0.249196900983 0.177154195011
0 0.39099111867 0.269274376417 0.30824829932 0.164753401361
