0 0.626456876457 0.50866586054 0.224358974359 0.29454624376
0 0.451631701632 0.388521997954 0.0903263403263 0.175177502868
7 0.41958041958 0.490838061576 0.104895104895 0.110067280563
6 0.427593240093 0.542771215081 0.0655594405594 0.0620097355285
6 0.594405594406 0.631135088209 0.201048951049 0.148823365268
4 0.593677156177 0.571450717763 0.147144522145 0.0883638731281
1 0.560897435897 0.721824326419 0.180652680653 0.113167767339
5 0.469842657343 0.765231141289 0.0364219114219 0.051158031811
3 0.398455710956 0.721824326419 0.0713869463869 0.110067280563
3 0.410110722611 0.606331193997 0.0568181818182 0.102316063622
2 0.246212121212 0.403249310142 0.0728438228438 0.0775121694106
9 0.314685314685 0.34821566986 0.0407925407925 0.0356555979289
