0 0.309429327286 0.288466080877 0.267699672462 0.135227702192
2 0.280297304107 0.473887471655 0.129125724364 0.093891723356
1 0.29368228773 0.382062547241 0.225182665659 0.120464852608
3 0.370670995671 0.515422077922 0.205026455026 0.118145743146
6 0.585618085618 0.487463924964 0.20683020683 0.199314574315
5 0.46657046657 0.60312950938 0.0913900913901 0.050955988456
8 0.358946608947 0.601776695527 0.1443001443 0.0951479076479
9 0.412157287157 0.457476551227 0.136483886484 0.0572691197691
8 0.377284752285 0.424332611833 0.0811688311688 0.0459956709957
7 0.434704184704 0.390737734488 0.104617604618 0.103264790765
