1 0.124631155881 0.437101478768 0.249262311762 0.345102428436
5 0.239405270655 0.384106634107 0.107473544974 0.174671008004
3 0.39521011396 0.329839913173 0.252467439967 0.171279337946
7 0.526531339031 0.436677520011 0.216218966219 0.145841812508
4 0.351966320716 0.68257359924 0.0527828652829 0.108533441867
4 0.386306980057 0.819512277846 0.0883954008954 0.0296771130104
0 0.485513329263 0.683421516755 0.57933964184 0.413783747117
6 0.456896113146 0.395553520554 0.113832926333 0.0873355040022
6 0.262299043549 0.60583706417 0.298254985755 0.29592321259
9 0.76945970696 0.597781847782 0.0152625152625 0.0271333604667
9 0.781224562475 0.52443698277 0.0451516076516 0.0245896079229
9 0.765008140008 0.560049518383 0.0279812779813 0.0144145977479
9 0.793307387057 0.485856735857 0.0273453398453 0.0220458553792
9 0.803164428164 0.426926468593 0.0407000407 0.111077194411
9 0.872163715914 0.436253561254 0.0680453805454 0.167039750373
2 0.791717541718 0.398521231855 0.0407000407 0.0610500610501
2 0.772003459503 0.365028490028 0.0610500610501 0.044939628273
2 0.719538563289 0.349765974766 0.0146265771266 0.0144145977479
2 0.756740944241 0.300162800163 0.0407000407 0.0220458553792
2 0.802210520961 0.286596119929 0.14562983313 0.135666802333
