6 0.399680603949 0.24765948182 0.39343786295 0.397343784019
3 0.690040650407 0.37230568256 0.312137049942 0.145874156325
2 0.763356562137 0.489331591552 0.209059233449 0.151317221859
7 0.360481997677 0.549205312432 0.25987224158 0.103418245156
8 0.557926829268 0.50947093403 0.129210220674 0.0653167864141
0 0.52380952381 0.595471369475 0.391986062718 0.134988025256
1 0.618902439024 0.573154800784 0.43118466899 0.173089483997
9 0.552845528455 0.47626823427 0.252613240418 0.0729370781624
5 0.659552845528 0.281950794688 0.135017421603 0.0609623339865
4 0.810540069686 0.287938166776 0.184378629501 0.162203352928
