6 0.708890281259 0.737011800334 0.374199387357 0.356359649123
4 0.335561125035 0.730485066834 0.198412698413 0.15794695071
3 0.423454469507 0.613656537176 0.266290726817 0.146198830409
5 0.480019493177 0.748759920635 0.114870509607 0.0979010025063
9 0.522660818713 0.532072368421 0.207115009747 0.0587406015038
7 0.634050403787 0.442656119465 0.203634085213 0.120091896408
8 0.506126427179 0.475942460317 0.104427736007 0.0639619883041
1 0.439118629908 0.393052944862 0.315023670287 0.146198830409
2 0.350355054302 0.51901890142 0.168824839877 0.121397243108
0 0.518309663047 0.273613721805 0.473405736564 0.173611111111
