6 0.203373015873 0.735945767196 0.405753968254 0.527447089947
5 0.15376984127 0.415343915344 0.143849206349 0.166666666667
4 0.161706349206 0.203042328042 0.219246031746 0.305555555556
3 0.335317460317 0.337962962963 0.213293650794 0.376984126984
2 0.477182539683 0.232142857143 0.169642857143 0.242063492063
1 0.645337301587 0.350529100529 0.190476190476 0.449735449735
0 0.835317460317 0.458333333333 0.310515873016 0.649470899471
9 0.455357142857 0.47619047619 0.0922619047619 0.283068783069
8 0.535714285714 0.457010582011 0.0863095238095 0.136243386243
7 0.576388888889 0.630291005291 0.161706349206 0.268518518519
