5 0.608070757324 0.784972717176 0.0776896299284 0.111062822927
1 0.678290230529 0.727026896518 0.179283761373 0.143254945515
6 0.659614838719 0.608720846009 0.189741980787 0.115891641315
6 0.481078093018 0.572504708098 0.0776896299284 0.0498977900108
4 0.639445415565 0.55399423761 0.152391197167 0.067603457434
0 0.673808136495 0.484781174047 0.230080827096 0.238221707148
0 0.463896732553 0.413958504354 0.109064288169 0.183495098749
7 0.460908669864 0.51616849357 0.115040413548 0.0949667616334
3 0.483319140036 0.64493698392 0.0851597866523 0.107843610668
3 0.50348856319 0.7616334283 0.0597612537911 0.119110853574
2 0.254732344285 0.481561961788 0.0911359120314 0.0901379432453
9 0.27191370475 0.410739292095 0.0448209403433 0.0547266083989
9 0.304782394335 0.436492990165 0.0239045015164 0.0225344858113
9 0.324204801817 0.421201731936 0.0298806268956 0.0402401532345
