9 0.579705788039 0.301752645503 0.0400833734167 0.0248015873016
9 0.545384399551 0.298934283309 0.0355739939073 0.0402086339586
9 0.500040083373 0.292733886484 0.0130270963604 0.0232984607985
9 0.452190556357 0.279769420394 0.0916907166907 0.0311898749399
9 0.453944203944 0.229790464165 0.129268879269 0.0559914622415
2 0.338453984287 0.28596981722 0.110730319064 0.112734487734
2 0.359497755331 0.313026094276 0.0175364758698 0.0368265993266
2 0.405343113676 0.306449915825 0.0300625300625 0.0364508177008
2 0.396073833574 0.336324555075 0.00951980118647 0.00526094276094
7 0.467722863556 0.491522366522 0.117744909412 0.160834535835
3 0.413860830527 0.58039472102 0.0901875901876 0.163465007215
3 0.354737854738 0.679788961039 0.0631313131313 0.0315656565657
6 0.441418149751 0.546386483886 0.0701459034792 0.0864297739298
6 0.614027176527 0.684110449735 0.236992945326 0.222838504089
4 0.665133477633 0.615342412217 0.0896865480199 0.0402086339586
4 0.773609106942 0.587722462722 0.0340708674042 0.0841750841751
5 0.443171797338 0.71755501443 0.132776174443 0.0770352332852
1 0.528599486933 0.794778138528 0.331689915023 0.177368927369
0 0.65386002886 0.515760281385 0.325677409011 0.432524651275
