6 0.422356215213 0.263736569615 0.386827458256 0.388298168457
5 0.669109461967 0.294007125759 0.132653061224 0.0702833602405
4 0.819387755102 0.297834437455 0.184601113173 0.148917218727
3 0.710853432282 0.384122919334 0.308905380334 0.146133719312
2 0.801298701299 0.491635584257 0.211502782931 0.14404609475
1 0.66586270872 0.589406001225 0.417439703154 0.172576963759
7 0.414471243043 0.570269442743 0.272727272727 0.107860602349
8 0.594897959184 0.526777264377 0.128942486085 0.0751544842176
9 0.585157699443 0.490591771976 0.254174397032 0.0904637310026
0 0.574953617811 0.633594054445 0.413729128015 0.135695596504
