6 0.730709876543 0.405092592593 0.244341563786 0.209435626102
4 0.567662404468 0.53943452381 0.105636390359 0.0744047619048
5 0.637474279835 0.537712191358 0.0891019988242 0.058559303351
3 0.536890064668 0.461585097002 0.156158142269 0.11436287478
2 0.437683715461 0.437472442681 0.0973691945914 0.0771604938272
1 0.41288212816 0.346877755732 0.176366843034 0.120563271605
0 0.392214138742 0.25318287037 0.215865667255 0.134341931217
7 0.537349353322 0.340677358907 0.0854276895944 0.102651014109
8 0.490042621987 0.385802469136 0.0900205761317 0.0606261022928
9 0.535512198707 0.414737654321 0.114822163433 0.0578703703704
