0 0.66758747698 0.58326336412 0.254757519951 0.327455919395
0 0.498004910988 0.438427092079 0.0782688766114 0.15253288553
6 0.606200122775 0.683319339491 0.211786372007 0.144136579905
6 0.435850214856 0.570668905682 0.0675260896255 0.0615729079205
1 0.526396562308 0.741393786734 0.187231430325 0.0783655191716
3 0.345303867403 0.751889168766 0.110497237569 0.0797649034425
3 0.412829957029 0.639238734957 0.0767341927563 0.10635320459
4 0.634591774095 0.650433809124 0.151933701657 0.111950741674
7 0.445058317986 0.522390148335 0.104358502149 0.104953820319
7 0.540208717004 0.588860901203 0.0460405156538 0.0419815281276
9 0.372160834868 0.373355723482 0.0475751995089 0.0223901483347
2 0.274708410068 0.419535404422 0.0767341927563 0.069969213546
