9 0.610269360269 0.207619348244 0.0270562770563 0.0176617364117
9 0.572941718775 0.209874037999 0.0235489818823 0.0387055074555
9 0.505301026134 0.193151755652 0.0285594035594 0.041335978836
9 0.444925444925 0.178308381433 0.12025012025 0.0462211399711
9 0.44392336059 0.128893097643 0.0410854577521 0.00676406926407
9 0.446428571429 0.111982924483 0.160333493667 0.0586219336219
2 0.298370610871 0.187139249639 0.13778659612 0.136784511785
2 0.322921677088 0.222650613276 0.0175364758698 0.0379539442039
2 0.387806637807 0.209122474747 0.0440917107584 0.0582461519962
2 0.325927930095 0.259852994228 0.0165343915344 0.00789141414141
2 0.37503006253 0.264174482924 0.00951980118647 0.0150312650313
2 0.355990460157 0.266992845118 0.00951980118647 0.0199164261664
7 0.464967131634 0.449622715248 0.153318903319 0.207807239057
6 0.429142616643 0.518954425204 0.0916907166907 0.108225108225
3 0.394821228155 0.558035714286 0.117243867244 0.20667989418
3 0.321919592753 0.685237794613 0.063632355299 0.0334445646946
5 0.429142616643 0.732398388648 0.163840788841 0.101461038961
1 0.506804152637 0.834986772487 0.359247234247 0.235990860991
1 0.723003848004 0.795341810967 0.0270562770563 0.0311898749399
6 0.643087622254 0.692941317941 0.289101330768 0.280333092833
4 0.709976751643 0.60575998076 0.109227192561 0.0488516113516
4 0.841500320667 0.570624398749 0.0315656565657 0.0883086820587
0 0.702711640212 0.475175865801 0.403338945006 0.555029461279
