9 0.601098385909 0.283491561181 0.0410220346929 0.0263713080169
9 0.563634384837 0.281450924252 0.0280456767799 0.03798724131
9 0.511310360994 0.275956901748 0.0104648047686 0.0169529837251
9 0.458777041056 0.256178420735 0.102136494542 0.0370454088809
9 0.460242113723 0.200924251557 0.141065568281 0.0621609403255
9 0.455009711339 0.224313090215 0.0761837787154 0.0153832630098
2 0.333408679928 0.261201527024 0.121810327507 0.122438215793
2 0.356849842609 0.291340164758 0.0221853861094 0.0401848503114
2 0.406871609403 0.28333458911 0.0351617440225 0.0423824593128
2 0.395360324158 0.316926612417 0.00962762038711 0.00533705043199
7 0.471962695064 0.488340114527 0.130182171321 0.179889993972
6 0.440358984663 0.550187110709 0.0812068850044 0.0944971870605
6 0.622655883732 0.702293048021 0.249062353493 0.241736990155
4 0.679793717768 0.626161593329 0.0946018351082 0.0417545710267
4 0.7959530507 0.59649387181 0.0313944143058 0.0835091420534
0 0.676654276338 0.518007836046 0.345338557364 0.473427767732
3 0.41063893912 0.581738497087 0.0987877570156 0.177692384971
3 0.344501372982 0.691775919228 0.0586029067042 0.0298246935905
5 0.433870805706 0.733844434398 0.144414305807 0.0888461924854
1 0.503984997656 0.819551185453 0.308921036769 0.197470865984
1 0.685654008439 0.794749598151 0.035998928404 0.0398709061684
