1 0.334656084656 0.23685515873 0.0297619047619 0.03125
1 0.37996031746 0.212053571429 0.0185185185185 0.0143849206349
1 0.539021164021 0.209077380952 0.296957671958 0.201884920635
5 0.595899470899 0.298859126984 0.147486772487 0.0907738095238
3 0.622354497354 0.457093253968 0.103835978836 0.184027777778
3 0.688161375661 0.341517857143 0.0608465608466 0.0292658730159
7 0.555224867725 0.550099206349 0.133597883598 0.188492063492
6 0.589616402116 0.486359126984 0.0806878306878 0.0977182539683
6 0.400793650794 0.329117063492 0.258597883598 0.246527777778
4 0.33664021164 0.403521825397 0.0958994708995 0.0411706349206
4 0.214947089947 0.434275793651 0.0324074074074 0.0818452380952
0 0.335317460317 0.523561507937 0.369708994709 0.501488095238
9 0.411706349206 0.772569444444 0.0396825396825 0.0282738095238
9 0.45171957672 0.776785714286 0.0324074074074 0.046626984127
9 0.562169312169 0.869047619048 0.150132275132 0.0694444444444
9 0.576388888889 0.841021825397 0.0806878306878 0.0173611111111
9 0.569444444444 0.80505952381 0.109126984127 0.0416666666667
9 0.511904761905 0.783482142857 0.0112433862434 0.0243055555556
2 0.700066137566 0.800843253968 0.128306878307 0.138392857143
2 0.679563492063 0.761656746032 0.0198412698413 0.0421626984127
2 0.623346560847 0.772569444444 0.037037037037 0.0491071428571
2 0.595568783069 0.793402777778 0.0529100529101 0.0372023809524
