6 0.711500974659 0.78451336675 0.473405736564 0.430477234754
4 0.238965469229 0.780740914787 0.252367028683 0.185359231412
5 0.415622389307 0.795099728488 0.149679754943 0.117481203008
3 0.351225285436 0.633236737678 0.334168755221 0.174916457811
9 0.466966026177 0.530114348371 0.238443330549 0.0730994152047
2 0.258110554163 0.51183949457 0.214076858814 0.14880952381
8 0.453042328042 0.459625626566 0.113130047341 0.078320802005
7 0.609683932052 0.425033939014 0.231481481481 0.15272556391
1 0.372110832637 0.35780858396 0.396825396825 0.169695071011
0 0.458263714843 0.20638836675 0.590016708438 0.242794486216
