0 0.601033253293 0.565830811356 0.189187222586 0.28822596916
0 0.499163210362 0.430364605851 0.0669431710689 0.129701686122
7 0.511533144146 0.570154200894 0.0538455941206 0.0489984147572
7 0.44313468675 0.503141663064 0.0800407480172 0.0994379593601
1 0.468602197482 0.688326848249 0.151349778069 0.0518806744488
6 0.550825874991 0.650136907335 0.158626209707 0.128260556276
6 0.431492396129 0.539890474132 0.0509350214655 0.0605274535236
3 0.408935458051 0.601859057501 0.0582114531034 0.100879089206
3 0.335443498508 0.688326848249 0.0975041839482 0.0489984147572
4 0.582114531034 0.635005043954 0.104780615586 0.112408127972
2 0.328894710034 0.399380314166 0.0611220257586 0.0590863236778
