6 0.748050682261 0.748107247285 0.501253132832 0.456871345029
4 0.263331940964 0.742233187135 0.255847953216 0.186664578112
5 0.446080478975 0.753328634085 0.147939292676 0.114870509607
3 0.379072681704 0.594729010025 0.330687830688 0.178832497911
9 0.500034809245 0.493564640769 0.252367028683 0.078320802005
2 0.283347257031 0.472679093567 0.208855472013 0.15403091061
8 0.478279030911 0.421770572264 0.121832358674 0.0809314954052
8 0.638401559454 0.386526211362 0.25410749095 0.164473684211
1 0.390385686438 0.315384816207 0.402046783626 0.186664578112
0 0.487851573378 0.151563805347 0.607421331106 0.268901420217
