4 0.283347257031 0.735053780284 0.208855472013 0.15403091061
5 0.430416318574 0.746149227235 0.120091896408 0.100511695906
0 0.471654117487 0.266458078958 0.492640075973 0.170431420431
1 0.385590489757 0.390783984534 0.335775335775 0.153261090761
8 0.459359313526 0.470912189662 0.110229276896 0.0667735042735
2 0.294863315697 0.516063797314 0.174671008004 0.122736060236
9 0.478437457604 0.531644281644 0.211131461131 0.0623219373219
3 0.372023809524 0.619085775336 0.273029439696 0.148173585674
6 0.662435558269 0.743093711844 0.375627458961 0.365664428164
7 0.589938610772 0.437843406593 0.205196038529 0.121464183964
