0 0.47449352548 0.667177202265 0.512131021999 0.371298616913
4 0.358535226956 0.671818434976 0.0504734057366 0.103267427829
4 0.389645989975 0.796551564095 0.0857177666388 0.0290077044463
6 0.283260233918 0.608871716328 0.268031189084 0.270931959528
6 0.450997284879 0.413649865404 0.0979010025063 0.0765803397382
7 0.514524157616 0.448169033695 0.188405040379 0.124733129119
3 0.391604010025 0.354184071289 0.227130325815 0.154901141743
5 0.253889933166 0.409008632693 0.0918093845725 0.150840063121
1 0.157076719577 0.474566044741 0.21320662768 0.333008447044
1 0.180790517962 0.672978743154 0.0352443609023 0.0348092453356
2 0.739914021164 0.424092639005 0.0361145920356 0.0789009560939
9 0.725120091896 0.58624570686 0.0195802005013 0.0330687830688
9 0.72337962963 0.550276153346 0.0300229741019 0.0191450849346
9 0.733387287664 0.523008911167 0.0422062099694 0.0214657012903
9 0.811055416319 0.445558340295 0.062656641604 0.143878214054
9 0.742959830131 0.489650051054 0.0221908939014 0.0197252390235
9 0.752097257031 0.438886568273 0.0308932052353 0.0876032674278
2 0.747694911298 0.314639744787 0.126925770308 0.118658574541
2 0.708304154995 0.328256302521 0.0364729225023 0.0184796140678
2 0.721252042484 0.386612978525 0.0536151960784 0.0457127295363
2 0.678031629318 0.37153750389 0.00948295985061 0.010698723934
2 0.678761087768 0.336523498288 0.00291783380019 0.00875350140056
