0 0.432504609588 0.290178571429 0.276986131153 0.167598605099
1 0.368476430976 0.371648027898 0.223464806798 0.0834235209235
2 0.308742183742 0.456123737374 0.129268879269 0.0888347763348
3 0.375481000481 0.51452020202 0.208633958634 0.0937950937951
4 0.314153439153 0.595463564214 0.141293891294 0.0960497835498
5 0.42778980279 0.617334054834 0.0895863395863 0.0414862914863
6 0.587421837422 0.544958513709 0.263347763348 0.160082972583
9 0.441618566619 0.470553751804 0.146103896104 0.0671897546898
8 0.423581048581 0.427263708514 0.0775613275613 0.0401334776335
7 0.507154882155 0.415088383838 0.129268879269 0.0915404040404
