0 0.21880005825 0.502661498708 0.198412698413 0.613695090439
1 0.385812581913 0.609896640827 0.193861948449 0.432816537468
2 0.53871778069 0.717777777778 0.150174748799 0.22480620155
4 0.796745303626 0.700335917313 0.1874908985 0.239018087855
5 0.804481578564 0.518165374677 0.122870249017 0.151162790698
6 0.797200378622 0.231627906977 0.403196446774 0.463255813953
3 0.659767729722 0.60149870801 0.192041648464 0.35142118863
8 0.468636231251 0.509121447028 0.0901048492792 0.130490956072
9 0.54872943061 0.478759689922 0.0864642493083 0.276485788114
7 0.427224406582 0.333410852713 0.160186398719 0.264857881137
