0 0.496142949311 0.655269769731 0.328199949508 0.121739580905
7 0.382535274482 0.592457326392 0.215994838565 0.0790012173958
8 0.544531403405 0.567850389826 0.105192291509 0.0738208096977
2 0.721955735084 0.574973450411 0.176723049735 0.152822027094
1 0.578192936688 0.650089362033 0.368874302224 0.145051415546
9 0.541726275632 0.538710596524 0.23142304132 0.0440334654337
3 0.684787792084 0.455176522392 0.267889702376 0.143756313622
6 0.464585261859 0.284223068355 0.304356363432 0.397596290828
5 0.679177536537 0.356748776129 0.12202305815 0.0582795866035
4 0.818031361329 0.391716528091 0.166905102527 0.164477944414
