0 0.370767446465 0.264487408443 0.394614013748 0.236819628853
1 0.306567188847 0.409902465895 0.325821341298 0.191179806228
2 0.256985680388 0.571919250834 0.179437840135 0.156616225441
3 0.375627147056 0.649147251655 0.296308538644 0.181458799132
9 0.454131202115 0.560578075889 0.212492179107 0.0993702947625
6 0.686101830974 0.641046412408 0.322279804979 0.316472786581
4 0.324865126492 0.779840791506 0.194784497515 0.116652085156
8 0.407401562377 0.496354053859 0.120334569557 0.075806800953
7 0.50998185118 0.43588910548 0.171624713959 0.162443144899
10 0.619466582498 0.471987582124 0.228832951945 0.198541621544
5 0.475432095273 0.801537386443 0.11456535883 0.0323524083133
