9 0.207952276369 0.474614883923 0.158882338675 0.255574132452
9 0.245916315924 0.433295470499 0.0235717021715 0.0255255063622
9 0.222684590226 0.545607698493 0.0197186354704 0.0638137659056
9 0.220758056876 0.502852475336 0.0172254746638 0.0319068829528
2 0.22585770398 0.657600857657 0.135310636504 0.125074981175
2 0.297932716389 0.622822355238 0.0101992942088 0.0248873687032
2 0.27742080248 0.624098630557 0.0217584943122 0.0172297167945
2 0.284786959409 0.651538549896 0.0228917492243 0.00765765190867
2 0.227557586348 0.572728549003 0.0126924550154 0.0306306076347
2 0.26144190822 0.575281099639 0.0342242983452 0.0561561139969
2 0.248522802222 0.539545390732 0.012465804033 0.0306306076347
7 0.477553619956 0.538907253073 0.172254746638 0.112950365653
6 0.536369549894 0.563794621776 0.0872606282312 0.0708332801552
7 0.57161377766 0.441910328896 0.0108792471561 0.0236110933851
6 0.688225708114 0.359111967634 0.235943672698 0.294500529654
4 0.618530531021 0.290512169285 0.0353575532573 0.0922108917336
4 0.583739605219 0.149324212219 0.121711577559 0.0695570048371
3 0.559487950101 0.593468022922 0.178827625128 0.0963587865174
3 0.6690737001 0.645476242135 0.0290113257496 0.0555179763379
5 0.709984202427 0.542736079027 0.0727549653564 0.153791175832
1 0.792258509045 0.448291705487 0.162055452429 0.398197899251
0 0.512117894775 0.308380023739 0.471207392448 0.408727170625
