9 0.198024459078 0.464332892999 0.163687676388 0.249669749009
9 0.209548447789 0.529722589168 0.0202257761054 0.0726552179657
9 0.207431796802 0.482826948481 0.0141110065851 0.0224570673712
9 0.23706491063 0.421400264201 0.0253998118532 0.0211360634082
2 0.210253998119 0.651915455746 0.13640639699 0.138705416116
2 0.259642521167 0.640686922061 0.0235183443086 0.0198150594452
2 0.243179680151 0.566710700132 0.0272812793979 0.0581241743725
2 0.23400752587 0.532034346103 0.0126999059266 0.0231175693527
2 0.219661335842 0.580911492734 0.00376293508937 0.0125495376486
2 0.279397930386 0.616908850727 0.0150517403575 0.0145310435931
7 0.467074317968 0.545574636724 0.177798682973 0.113606340819
6 0.525399811853 0.575627476882 0.0921919096896 0.0719947159841
6 0.682737535278 0.383751651255 0.241298212606 0.281373844122
4 0.615475070555 0.312747688243 0.0380997177799 0.0891677675033
4 0.587253057385 0.172391017173 0.113358419567 0.0673712021136
5 0.699435559737 0.582892998679 0.0743179680151 0.152575957728
1 0.785983066792 0.48678996037 0.162746942615 0.397622192867
0 0.510112888053 0.315059445178 0.477422389464 0.400264200793
3 0.658748824083 0.675693527081 0.0258701787394 0.0541611624835
3 0.559736594544 0.606340819022 0.168391345249 0.0911492734478
