4 0.678610519732 0.519451354804 0.164784276934 0.0685806494991
6 0.521644474916 0.583325489141 0.0817907359963 0.0268943723526
6 0.70868064326 0.581980770524 0.20327403505 0.0537887447052
1 0.733939547024 0.689558259934 0.147945007758 0.15329792241
0 0.696652593849 0.438095878437 0.26822550187 0.193639480939
0 0.464511240212 0.411873865394 0.147945007758 0.178847576145
7 0.486161729152 0.530209103745 0.133511348465 0.0685806494991
9 0.241390923634 0.48179923351 0.0433009778804 0.0712700867344
9 0.30153117069 0.499952934848 0.0264617087047 0.0322732468231
3 0.538483744091 0.651233779332 0.101035615054 0.0954750218517
