0 0.197362002327 0.499110251451 0.190438665616 0.582849774339
1 0.343239896431 0.595177304965 0.178243086045 0.390715667311
2 0.494746519569 0.699626047711 0.151037562385 0.207607994842
8 0.436582986228 0.496531270148 0.0778640849563 0.128949065119
9 0.508818342152 0.476544165055 0.0909977860332 0.256608639587
3 0.613418890015 0.605493230174 0.180119329055 0.326241134752
7 0.391084093212 0.3366344294 0.153851926902 0.257898130239
4 0.763049270141 0.700915538362 0.192314908627 0.254029658285
5 0.787440429284 0.514584139265 0.124770160231 0.157317859446
6 0.749446508312 0.267001934236 0.369619873166 0.381689232753
