6 0.60186265589 0.276418875242 0.287962318685 0.400775694893
5 0.655387250442 0.491027795734 0.103837713429 0.108597285068
4 0.737279880105 0.606735617324 0.154150832307 0.153846153846
3 0.589016753198 0.56989010989 0.234437724134 0.292178409825
2 0.532815928919 0.701758241758 0.143445913397 0.180995475113
4 0.412385591179 0.567950872657 0.0802868918268 0.107304460246
1 0.386693785795 0.662973497091 0.270834448429 0.315449256626
0 0.297307712894 0.602857142857 0.246213134936 0.25985778927
9 0.453064283038 0.54080155139 0.153080340416 0.156431803491
7 0.328887223679 0.461292824822 0.157362307981 0.183581124758
