6 0.502430555556 0.268494055482 0.261805555556 0.366578599736
3 0.672916666667 0.463342140026 0.261111111111 0.167107001321
2 0.684375 0.592470277411 0.167361111111 0.157199471598
4 0.804166666667 0.423051519155 0.163888888889 0.149933949802
5 0.688194444444 0.369881109643 0.113888888889 0.0766182298547
8 0.521983506944 0.558330581242 0.0987413194444 0.0681142668428
9 0.537717013889 0.527885568032 0.210503472222 0.0485056142668
0 0.425954861111 0.674950462351 0.336371527778 0.109395640687
1 0.532291666667 0.659985964333 0.329861111111 0.153773117569
7 0.367903645833 0.560394649934 0.200737847222 0.0577939233818
