9 0.206638967468 0.487649408262 0.152492927864 0.261234174883
9 0.23193167531 0.485807136225 0.0144880559485 0.01879117478
9 0.221495363822 0.525047530619 0.0191537010844 0.0405299848197
9 0.226774909634 0.563366788994 0.0179258997328 0.0545312523028
2 0.227511590445 0.666718250284 0.124007936508 0.116063138347
2 0.271712439101 0.628583219112 0.0252927078422 0.0169489027428
2 0.284849913563 0.642952941003 0.0206270627063 0.0169489027428
2 0.299460749646 0.630793945557 0.00663012729844 0.0184227203726
2 0.240157944366 0.606660181869 0.003928964325 0.0106851778161
2 0.231072214364 0.582157963774 0.011786892975 0.0412668936346
2 0.264100070721 0.583816008607 0.032168395411 0.0600580684146
2 0.249857575043 0.546786340658 0.0076123683797 0.022844173262
7 0.466073393054 0.533706209194 0.158140814081 0.113115503088
6 0.518623290901 0.550470884733 0.0766148043376 0.0751646991201
6 0.64410458903 0.346899824616 0.195465975169 0.280393804071
4 0.579767798208 0.277077714404 0.0201359421656 0.0677956109711
4 0.542074296715 0.152355897481 0.101416391639 0.064479521304
0 0.477983066164 0.312817791926 0.420153622505 0.414142753976
3 0.534707488606 0.578104965292 0.158877494892 0.102430325272
3 0.602113782807 0.489123225892 0.00933129027188 0.0158435395204
5 0.657242063492 0.504966765412 0.079315967311 0.135222767535
1 0.733979647965 0.464436780593 0.150774005972 0.28334143933
1 0.710037521609 0.271735125496 0.0424819267641 0.0615318860444
