0 0.507075471698 0.284516322252 0.473445143256 0.431765997804
4 0.611460517121 0.262678446641 0.032320055905 0.0848557452331
4 0.576519916143 0.120108315863 0.125786163522 0.0804881701108
7 0.471042976939 0.520989318159 0.167278127184 0.101078167116
7 0.564945842068 0.425526604772 0.0144129979036 0.0274533293401
6 0.527166317261 0.543763102725 0.083857442348 0.064265748228
6 0.682215234102 0.332247678946 0.232354996506 0.301362683438
3 0.548349056604 0.56809673555 0.175139762404 0.0904711989618
3 0.656883298393 0.613020365379 0.0235849056604 0.040556054707
5 0.695973095737 0.504454926625 0.06857092942 0.15286512928
1 0.781140810622 0.41928721174 0.15679594689 0.404312668464
9 0.203092243187 0.447052510732 0.157232704403 0.251447539183
9 0.261617749825 0.309785864031 0.0192173305381 0.016846361186
9 0.226677148847 0.449548267944 0.0122292103424 0.0155984825796
9 0.217941998602 0.485112808226 0.0200908455625 0.0355645402815
9 0.219907407407 0.524109014675 0.0161600279525 0.0486672656484
2 0.219252271139 0.625499151443 0.125786163522 0.116676649696
2 0.231699860238 0.56809673555 0.00480433263452 0.0143506039732
2 0.262709643606 0.593054307677 0.0275157232704 0.0143506039732
2 0.276685883997 0.608340820605 0.0231481481481 0.0187181790955
2 0.293064290706 0.596174004193 0.00873515024458 0.0255815114306
2 0.223183088749 0.541579315164 0.0122292103424 0.0436757512229
2 0.257250174703 0.546258859938 0.030573025856 0.0567784765898
2 0.245020964361 0.510382350005 0.00960866526904 0.0262054507338
