6 0.468246539596 0.265615352953 0.327603812117 0.402603416341
5 0.698703766735 0.331215270632 0.130474245518 0.0655999176785
4 0.833432607216 0.356297592097 0.153165418652 0.167215476435
3 0.714303948264 0.430258283597 0.272294077604 0.135058654044
2 0.75755899705 0.551167935789 0.174438393465 0.153066474583
0 0.527810869072 0.644422720724 0.3332766054 0.133772381148
1 0.620702859088 0.636061946903 0.371567960064 0.150493928792
7 0.415064102564 0.595544350689 0.23258452462 0.100329285861
8 0.583120603585 0.560814982507 0.112037667347 0.0668861905742
9 0.581702405264 0.528015023667 0.222657136374 0.0604548260959
