9 0.180927010384 0.471188033607 0.152816348708 0.260717440043
9 0.222244023183 0.425895101569 0.0226394590679 0.0217972235433
9 0.255071238831 0.413439545259 0.0150929727119 0.0104739905338
9 0.202057172181 0.544789048169 0.0173569186187 0.0563330842222
9 0.197529280367 0.504591570985 0.0184888915721 0.0359512648051
9 0.203566469452 0.469631089069 0.0162249456653 0.0169848495142
9 0.236959671577 0.327807595625 0.0166022699831 0.00905858640759
2 0.20394379377 0.649670493919 0.124517024873 0.116063138347
2 0.260259448201 0.62376859841 0.0216961482734 0.016701768689
2 0.275541083072 0.612162284575 0.00811247283265 0.0240618701452
2 0.245732461966 0.6113130421 0.0243374184979 0.0150032837376
2 0.239695272881 0.56701089295 0.0333932021251 0.0577484883484
2 0.206490732915 0.568143216251 0.0103764187394 0.0339696990285
2 0.214603205747 0.591072763095 0.00396190533688 0.010757071359
2 0.225262617725 0.53077654732 0.00905578362714 0.0232126276695
0 0.451861592409 0.294268415351 0.418987211221 0.413474930362
4 0.553385416667 0.265494428969 0.0206270627063 0.072539461467
4 0.518738397277 0.136132389353 0.0995900371287 0.0633511296812
7 0.440903465347 0.515755571031 0.158570544554 0.111710770659
6 0.493921462459 0.534132234602 0.0770291872937 0.0701214794181
6 0.619456476898 0.330538146085 0.19466790429 0.277100742804
5 0.632509540017 0.488915970288 0.0770291872937 0.138308573197
1 0.708732982673 0.453855230579 0.14954620462 0.265494428969
1 0.688589366749 0.26356004333 0.0506007632013 0.0754410399257
3 0.508747163779 0.56073003714 0.158892842409 0.101071649644
