7 0.474289273983 0.553632596354 0.173535265278 0.127554075742
6 0.53011180687 0.579682372386 0.0910149992719 0.0826406687906
6 0.674117761274 0.379967422809 0.222076598223 0.282056195655
3 0.659150850282 0.671904567993 0.0198210442859 0.0455122523774
3 0.56449525104 0.612319448104 0.158972865395 0.103600258701
5 0.694343316667 0.577885836108 0.0788796660356 0.148513665653
1 0.773020727149 0.470692504851 0.168276620876 0.392842599468
4 0.603328317396 0.312597312382 0.0303383330906 0.0886291230508
4 0.57015840655 0.180551895945 0.105577399155 0.0604833880279
9 0.215604420497 0.503629003282 0.154523243208 0.256305842336
9 0.230571331489 0.562615277745 0.0210345776095 0.0688672239921
9 0.250190120221 0.456619637339 0.0214390887174 0.0245526624668
9 0.223290131547 0.525187438618 0.00889924437325 0.0191630536326
2 0.232391631474 0.691965889765 0.131466110059 0.13833329341
2 0.281337475527 0.669509186289 0.0198210442859 0.0215584353367
2 0.254235231299 0.655136896064 0.00930375548113 0.0131745993724
2 0.263134475673 0.600342539584 0.0206300665016 0.0556926246197
2 0.243515686941 0.612319448104 0.00566315551025 0.0149711356505
2 0.296708897626 0.646154214674 0.0125398443441 0.00598845426019
0 0.502200540427 0.328766138884 0.443748685339 0.391644908616
