0 0.217291419382 0.444980147476 0.209633572003 0.546588975403
1 0.348432055749 0.556489454958 0.154114178504 0.375135358119
2 0.492495309568 0.671221574795 0.145499100203 0.202392615892
7 0.412087912088 0.316067653277 0.147413562048 0.244933738978
8 0.447984071677 0.47978652091 0.0775357047134 0.121177744547
9 0.524562545468 0.456582271954 0.0985947850059 0.268137987934
3 0.609756097561 0.592584953334 0.165600949573 0.318413860671
4 0.756212428686 0.706027948229 0.18857449171 0.243644614036
5 0.790194126431 0.528773268705 0.12444001991 0.154694993039
6 0.751904889536 0.265147218068 0.358004364973 0.406074356727
