0 0.332883912307 0.274062898926 0.340838870382 0.227232209504
1 0.319215632589 0.449542494478 0.287870196711 0.233145499671
2 0.327205884565 0.609702627974 0.163620230662 0.164236176531
3 0.448994156916 0.657451837439 0.257429980291 0.211300948015
6 0.721994717924 0.572301755204 0.226284441233 0.373615532768
10 0.615340695275 0.426558998546 0.199836497411 0.197306871749
7 0.500924354527 0.419259211324 0.111148892022 0.176927594042
8 0.442681588746 0.503926951169 0.115346273689 0.0932933058144
9 0.49645135148 0.563974189221 0.194067160607 0.101418051503
4 0.449994135495 0.786358881484 0.174061736819 0.121499152293
5 0.582250885639 0.779842429897 0.089537131957 0.044057430156
