0 0.217985389046 0.466825134353 0.220323914808 0.550330715172
1 0.349406671563 0.566943985118 0.160411271308 0.37593013642
2 0.494839781995 0.678043613063 0.147848942832 0.20023770153
7 0.405937149704 0.324075031005 0.149781608751 0.244160810252
8 0.447006300491 0.48232740802 0.0792393026941 0.121434477057
9 0.524312937266 0.460365853659 0.0966332959685 0.266122364613
3 0.613698736036 0.596656676313 0.167175602025 0.324255890864
4 0.763480344788 0.700651095494 0.201963588574 0.255787515502
5 0.799717830776 0.519145307979 0.125623284759 0.161482017363
6 0.744636852074 0.257544439851 0.351745197325 0.400475403059
