9 0.195120783356 0.500457270603 0.16339869281 0.258273210717
9 0.209635136106 0.560368187515 0.0230434053963 0.0698607865054
9 0.2035002035 0.518028316905 0.00897795015442 0.0215933340108
9 0.23312743901 0.451131321343 0.0209485503603 0.022440131423
2 0.212178888649 0.686964400637 0.138260432378 0.135910984656
2 0.280112044818 0.643777732615 0.0125691302162 0.0105849676523
2 0.26455026455 0.668334857569 0.0191529603294 0.0165125495376
2 0.234623764036 0.652245706737 0.00538677009265 0.00719777800359
2 0.222353898824 0.608423940656 0.00598530010295 0.0177827456559
2 0.244649141708 0.598474071063 0.0242404654169 0.0571588253226
2 0.215919701214 0.585560410527 0.0110728051905 0.0287911120144
7 0.465955613014 0.551265115334 0.18195312313 0.125326017004
6 0.525808614044 0.576669037699 0.0927721515957 0.08129255157
6 0.676338911633 0.371320665244 0.232828174005 0.286217525319
4 0.601073762838 0.303788571622 0.0314228255405 0.0834095451004
4 0.565610859729 0.16957118179 0.111925111925 0.0647800020323
0 0.494984318514 0.32517020628 0.468648998061 0.405615960438
3 0.575935502406 0.620279104427 0.195420048361 0.130406801477
5 0.699681582035 0.563755377164 0.083195671431 0.160468109609
1 0.783775048481 0.461927988348 0.175967823027 0.399688378552
