9 0.220249956195 0.685145789013 0.0786461453201 0.129312142827
9 0.267926634964 0.667156801402 0.0207821420276 0.0516205731448
9 0.264870437607 0.629353856422 0.00896484558053 0.0135569181996
9 0.268945367416 0.603804279815 0.0179296911611 0.0104283986151
9 0.277706466506 0.577993993242 0.0167072122183 0.019292537438
9 0.287078805068 0.53132690944 0.0297469876081 0.0229424769532
2 0.280558917373 0.794122554541 0.129990260918 0.125140783381
2 0.29237621382 0.690620698286 0.018337184142 0.0161640178534
2 0.309287172528 0.724512993785 0.0350443963603 0.021378217161
2 0.305033388334 0.750189976167 0.0215952841298 0.00820351628614
2 0.282931964732 0.728385893406 0.00641109997604 0.00518116818072
2 0.274158880554 0.71931884909 0.00573624734699 0.0086352803012
7 0.483456082581 0.583597792835 0.171485866381 0.144380592961
3 0.599362653506 0.633630671584 0.150818188674 0.101495268319
6 0.544481590406 0.599679789576 0.093004549682 0.0950624696229
6 0.665974020171 0.423135203133 0.211424757085 0.218000400263
4 0.589447754066 0.392936787031 0.0449661636601 0.114718243417
4 0.547134873355 0.300197272493 0.0575343460495 0.0164393744461
0 0.486528304943 0.401692540813 0.415587897678 0.325213711868
5 0.747893759817 0.59764292675 0.109080235455 0.129425856748
1 0.783989401368 0.497908884197 0.182858140162 0.238549618321
