0 0.213079702131 0.567136077582 0.17695200177 0.535180026823
1 0.381737078817 0.674172082946 0.197227751972 0.41137934592
2 0.530118705301 0.773470545755 0.145616751456 0.22051996286
8 0.459153579592 0.575518415351 0.0921625009216 0.136696585165
7 0.412611516626 0.413030021665 0.157597876576 0.237284638399
9 0.532883580329 0.545213040338 0.0884760008848 0.246311771381
3 0.646704268967 0.650314660064 0.192619626926 0.353347776746
6 0.75499520755 0.28471577427 0.372336503723 0.478438048076
5 0.780800707808 0.569070463221 0.112438251124 0.144434127721
4 0.784487207845 0.743165170742 0.175108751751 0.219230372434
