0 0.703519897068 0.412701376294 0.275709953129 0.198709057932
0 0.47031522838 0.394030726555 0.14245014245 0.17470393684
4 0.688011212205 0.50272058039 0.173467512177 0.0666808919236
6 0.719028581932 0.560732956364 0.212526422204 0.0573455670543
6 0.526031614741 0.568734663395 0.0861593603529 0.0333404459618
1 0.737983641209 0.672090045876 0.140152559507 0.168035847647
3 0.606447017737 0.744772218073 0.0333149526698 0.0546783313774
3 0.547858652697 0.635415555318 0.106837606838 0.0946868665315
9 0.26123518059 0.478715459298 0.0413564929694 0.0693481276006
9 0.311207609595 0.495385682279 0.0287197867843 0.0333404459618
7 0.492716662072 0.516723567694 0.12521827038 0.0760162167929
