1 0.487201953729 0.679324894515 0.147275405007 0.0525162528748
6 0.549654182435 0.619565020554 0.175239089502 0.106843411021
6 0.38839693518 0.53897973597 0.0838910534852 0.0651925897756
7 0.379075707015 0.478314409373 0.121175966145 0.114087032107
7 0.498387427527 0.539885188606 0.0466061408251 0.0488944423317
4 0.605581551425 0.602361420474 0.175239089502 0.108654316293
0 0.626088253388 0.49189619891 0.257265897355 0.296988464533
0 0.426613970657 0.375092808895 0.100669264182 0.164792379711
3 0.368822356034 0.60960504156 0.0745698253202 0.0977888846634
2 0.188922652449 0.394107314246 0.0727055796872 0.0615707792325
5 0.463898883317 0.640390431177 0.0708413340542 0.039839915974
